1.000000 0.000000
2.000000 0.000000
3.000000 0.000000
4.000000 0.000000
5.000000 0.000000
6.000000 0.000000
7.000000 0.000000
8.000000 0.000000
9.000000 0.000000
10.000000 0.000000
11.000000 0.000000
12.000000 0.000000
13.000000 0.000000
14.000000 0.000000
15.000000 0.069028
16.000000 0.178895
17.000000 0.308158
18.000000 0.441312
19.000000 0.567844
20.000000 0.676502
21.000000 0.763032
22.000000 0.827630
23.000000 0.873012
24.000000 0.903023
25.000000 0.922041
26.000000 0.934012
27.000000 0.942015
28.000000 0.948170
29.000000 0.953742
30.000000 0.959301
31.000000 0.964956
32.000000 0.970558
33.000000 0.975865
34.000000 0.980652
35.000000 0.984766
36.000000 0.988144
37.000000 0.990807
38.000000 0.992834
39.000000 0.994337
40.000000 0.995436
41.000000 0.996244
42.000000 0.996853
43.000000 0.997332
44.000000 0.997729
45.000000 0.998072
46.000000 0.998376
47.000000 0.998646
48.000000 0.998885
49.000000 0.999092
50.000000 0.999268
51.000000 0.999414
52.000000 0.999532
53.000000 0.999625
54.000000 0.999699
55.000000 0.999756
56.000000 0.999800
57.000000 0.999835
58.000000 0.999863
59.000000 0.999886
60.000000 0.999905
61.000000 0.999921
62.000000 0.999935
63.000000 0.999946
64.000000 0.999956
65.000000 0.999964
66.000000 0.999971
67.000000 0.999976
68.000000 0.999981
69.000000 0.999984
70.000000 0.999987
71.000000 0.999990
72.000000 0.999991
73.000000 0.999993
74.000000 0.999994
75.000000 0.999995
76.000000 0.999996
77.000000 0.999997
78.000000 0.999997
79.000000 0.999998
80.000000 0.999998
81.000000 0.999999
82.000000 0.999999
83.000000 0.999999
84.000000 0.999999
85.000000 0.999999
86.000000 0.999999
87.000000 1.000000
88.000000 1.000000
89.000000 1.000000
90.000000 1.000000
91.000000 1.000000
92.000000 1.000000
93.000000 1.000000
94.000000 1.000000
95.000000 1.000000
96.000000 1.000000
97.000000 1.000000
98.000000 1.000000
99.000000 1.000000
100.000000 1.000000
101.000000 1.000000
102.000000 1.000000
103.000000 1.000000
104.000000 1.000000
105.000000 1.000000
106.000000 1.000000
107.000000 1.000000
108.000000 1.000000
109.000000 1.000000
110.000000 1.000000
111.000000 1.000000
112.000000 1.000000
113.000000 1.000000
114.000000 1.000000
115.000000 1.000000
116.000000 1.000000
117.000000 1.000000
118.000000 1.000000
119.000000 1.000000
120.000000 1.000000
121.000000 1.000000
122.000000 1.000000
123.000000 1.000000
124.000000 1.000000
125.000000 1.000000
126.000000 1.000000
127.000000 1.000000
128.000000 1.000000
129.000000 1.000000
130.000000 1.000000
131.000000 1.000000
132.000000 1.000000
133.000000 1.000000
134.000000 1.000000
135.000000 1.000000
136.000000 1.000000
137.000000 1.000000
138.000000 1.000000
139.000000 1.000000
140.000000 1.000000
141.000000 1.000000
142.000000 1.000000
143.000000 1.000000
144.000000 1.000000
145.000000 1.000000
146.000000 1.000000
147.000000 1.000000
148.000000 1.000000
149.000000 1.000000
150.000000 1.000000
