1.000000 0.000000
2.000000 0.000000
3.000000 0.000000
4.000000 0.000000
5.000000 0.000000
6.000000 0.000000
7.000000 0.000000
8.000000 0.000000
9.000000 0.000000
10.000000 0.817581
11.000000 1.337649
12.000000 1.625294
13.000000 1.739558
14.000000 1.731413
15.000000 1.586546
16.000000 1.381909
17.000000 1.167970
18.000000 0.974637
19.000000 0.816726
20.000000 0.702564
21.000000 0.629322
22.000000 0.588818
23.000000 0.571324
24.000000 0.567799
25.000000 0.570731
26.000000 0.574906
27.000000 0.577358
28.000000 0.576916
29.000000 0.573632
30.000000 0.568254
31.000000 0.561779
32.000000 0.555148
33.000000 0.549072
34.000000 0.543980
35.000000 0.540036
36.000000 0.537198
37.000000 0.535299
38.000000 0.534114
39.000000 0.533415
40.000000 0.533007
41.000000 0.532743
42.000000 0.532528
43.000000 0.532311
44.000000 0.532075
45.000000 0.531823
46.000000 0.531568
47.000000 0.531325
48.000000 0.531107
49.000000 0.530923
50.000000 0.530774
51.000000 0.530660
52.000000 0.530576
53.000000 0.530515
54.000000 0.530472
55.000000 0.530442
56.000000 0.530419
57.000000 0.530401
58.000000 0.530386
59.000000 0.530372
60.000000 0.530360
61.000000 0.530349
62.000000 0.530339
63.000000 0.530331
64.000000 0.530323
65.000000 0.530317
66.000000 0.530313
67.000000 0.530309
68.000000 0.530306
69.000000 0.530304
70.000000 0.530303
71.000000 0.530302
72.000000 0.530301
73.000000 0.530300
74.000000 0.530299
75.000000 0.530299
76.000000 0.530298
77.000000 0.530298
78.000000 0.530298
79.000000 0.530297
80.000000 0.530297
81.000000 0.530297
82.000000 0.530297
83.000000 0.530297
84.000000 0.530297
85.000000 0.530296
86.000000 0.530296
87.000000 0.530296
88.000000 0.530296
89.000000 0.530296
90.000000 0.530296
91.000000 0.530296
92.000000 0.530296
93.000000 0.530296
94.000000 0.530296
95.000000 0.530296
96.000000 0.530296
97.000000 0.530296
98.000000 0.530296
99.000000 0.530296
100.000000 0.530296
101.000000 0.530296
102.000000 0.530296
103.000000 0.530296
104.000000 0.530296
105.000000 0.530296
106.000000 0.530296
107.000000 0.530296
108.000000 0.530296
109.000000 0.530296
110.000000 0.530296
111.000000 0.530296
112.000000 0.530296
113.000000 0.530296
114.000000 0.530296
115.000000 0.530296
116.000000 0.530296
117.000000 0.530296
118.000000 0.530296
119.000000 0.530296
120.000000 0.530296
121.000000 0.530296
122.000000 0.530296
123.000000 0.530296
124.000000 0.530296
125.000000 0.530296
126.000000 0.530296
127.000000 0.530296
128.000000 0.530296
129.000000 0.530296
130.000000 0.530296
131.000000 0.530296
132.000000 0.530296
133.000000 0.530296
134.000000 0.530296
135.000000 0.530296
136.000000 0.530296
137.000000 0.530296
138.000000 0.530296
139.000000 0.530296
140.000000 0.530296
141.000000 0.530296
142.000000 0.530296
143.000000 0.530296
144.000000 0.530296
145.000000 0.530296
146.000000 0.530296
147.000000 0.530296
148.000000 0.530296
149.000000 0.530296
150.000000 0.531227
