1.000000 0.000000
2.000000 0.000000
3.000000 0.000000
4.000000 0.000000
5.000000 0.000000
6.000000 0.000000
7.000000 0.000000
8.000000 0.000000
9.000000 0.000000
10.000000 0.756502
11.000000 1.313030
12.000000 1.683035
13.000000 1.888589
14.000000 1.956864
15.000000 1.868825
16.000000 1.681178
17.000000 1.442239
18.000000 1.190358
19.000000 0.953578
20.000000 0.753323
21.000000 0.599813
22.000000 0.494689
23.000000 0.433647
24.000000 0.408830
25.000000 0.410622
26.000000 0.429407
27.000000 0.456735
28.000000 0.485953
29.000000 0.512420
30.000000 0.533421
31.000000 0.547868
32.000000 0.555900
33.000000 0.558454
34.000000 0.556887
35.000000 0.552658
36.000000 0.547108
37.000000 0.541326
38.000000 0.536090
39.000000 0.531862
40.000000 0.528838
41.000000 0.527000
42.000000 0.526190
43.000000 0.526174
44.000000 0.526693
45.000000 0.527508
46.000000 0.528417
47.000000 0.529275
48.000000 0.529988
49.000000 0.530512
50.000000 0.530841
51.000000 0.530996
52.000000 0.531013
53.000000 0.530935
54.000000 0.530801
55.000000 0.530646
56.000000 0.530496
57.000000 0.530369
58.000000 0.530274
59.000000 0.530211
60.000000 0.530179
61.000000 0.530172
62.000000 0.530183
63.000000 0.530204
64.000000 0.530230
65.000000 0.530255
66.000000 0.530278
67.000000 0.530295
68.000000 0.530307
69.000000 0.530313
70.000000 0.530316
71.000000 0.530315
72.000000 0.530311
73.000000 0.530307
74.000000 0.530303
75.000000 0.530299
76.000000 0.530296
77.000000 0.530294
78.000000 0.530293
79.000000 0.530293
80.000000 0.530293
81.000000 0.530293
82.000000 0.530294
83.000000 0.530295
84.000000 0.530295
85.000000 0.530296
86.000000 0.530296
87.000000 0.530297
88.000000 0.530297
89.000000 0.530297
90.000000 0.530297
91.000000 0.530297
92.000000 0.530297
93.000000 0.530296
94.000000 0.530296
95.000000 0.530296
96.000000 0.530296
97.000000 0.530296
98.000000 0.530296
99.000000 0.530296
100.000000 0.530296
101.000000 0.530296
102.000000 0.530296
103.000000 0.530296
104.000000 0.530296
105.000000 0.530296
106.000000 0.530296
107.000000 0.530296
108.000000 0.530296
109.000000 0.530296
110.000000 0.530296
111.000000 0.530296
112.000000 0.530296
113.000000 0.530296
114.000000 0.530296
115.000000 0.530296
116.000000 0.530296
117.000000 0.530296
118.000000 0.530296
119.000000 0.530296
120.000000 0.530296
121.000000 0.530296
122.000000 0.530296
123.000000 0.530296
124.000000 0.530296
125.000000 0.530296
126.000000 0.530296
127.000000 0.530296
128.000000 0.530296
129.000000 0.530296
130.000000 0.530296
131.000000 0.530296
132.000000 0.530296
133.000000 0.530296
134.000000 0.530296
135.000000 0.530296
136.000000 0.530296
137.000000 0.530296
138.000000 0.530296
139.000000 0.530296
140.000000 0.530296
141.000000 0.530296
142.000000 0.530296
143.000000 0.530296
144.000000 0.530296
145.000000 0.530296
146.000000 0.530296
147.000000 0.530296
148.000000 0.530296
149.000000 0.530296
150.000000 0.531001
