1.000000 0.000000
2.000000 0.000000
3.000000 0.000000
4.000000 0.000000
5.000000 0.000000
6.000000 0.000000
7.000000 0.000000
8.000000 0.000000
9.000000 0.000000
10.000000 0.000000
11.000000 0.000000
12.000000 0.000000
13.000000 0.000000
14.000000 0.000000
15.000000 0.063871
16.000000 0.171889
17.000000 0.306339
18.000000 0.452157
19.000000 0.597242
20.000000 0.728425
21.000000 0.837911
22.000000 0.922332
23.000000 0.981709
24.000000 1.018431
25.000000 1.036589
26.000000 1.040959
27.000000 1.036240
28.000000 1.026561
29.000000 1.015204
30.000000 1.004491
31.000000 0.995832
32.000000 0.989857
33.000000 0.986608
34.000000 0.985733
35.000000 0.986665
36.000000 0.988771
37.000000 0.991459
38.000000 0.994240
39.000000 0.996761
40.000000 0.998811
41.000000 1.000299
42.000000 1.001231
43.000000 1.001677
44.000000 1.001745
45.000000 1.001553
46.000000 1.001213
47.000000 1.000819
48.000000 1.000440
49.000000 1.000121
50.000000 0.999885
51.000000 0.999735
52.000000 0.999663
53.000000 0.999655
54.000000 0.999691
55.000000 0.999753
56.000000 0.999825
57.000000 0.999894
58.000000 0.999954
59.000000 1.000000
60.000000 1.000031
61.000000 1.000047
62.000000 1.000052
63.000000 1.000048
64.000000 1.000040
65.000000 1.000029
66.000000 1.000017
67.000000 1.000007
68.000000 0.999999
69.000000 0.999994
70.000000 0.999991
71.000000 0.999990
72.000000 0.999991
73.000000 0.999992
74.000000 0.999994
75.000000 0.999996
76.000000 0.999998
77.000000 0.999999
78.000000 1.000000
79.000000 1.000001
80.000000 1.000001
81.000000 1.000001
82.000000 1.000001
83.000000 1.000001
84.000000 1.000001
85.000000 1.000000
86.000000 1.000000
87.000000 1.000000
88.000000 1.000000
89.000000 1.000000
90.000000 1.000000
91.000000 1.000000
92.000000 1.000000
93.000000 1.000000
94.000000 1.000000
95.000000 1.000000
96.000000 1.000000
97.000000 1.000000
98.000000 1.000000
99.000000 1.000000
100.000000 1.000000
101.000000 1.000000
102.000000 1.000000
103.000000 1.000000
104.000000 1.000000
105.000000 1.000000
106.000000 1.000000
107.000000 1.000000
108.000000 1.000000
109.000000 1.000000
110.000000 1.000000
111.000000 1.000000
112.000000 1.000000
113.000000 1.000000
114.000000 1.000000
115.000000 1.000000
116.000000 1.000000
117.000000 1.000000
118.000000 1.000000
119.000000 1.000000
120.000000 1.000000
121.000000 1.000000
122.000000 1.000000
123.000000 1.000000
124.000000 1.000000
125.000000 1.000000
126.000000 1.000000
127.000000 1.000000
128.000000 1.000000
129.000000 1.000000
130.000000 1.000000
131.000000 1.000000
132.000000 1.000000
133.000000 1.000000
134.000000 1.000000
135.000000 1.000000
136.000000 1.000000
137.000000 1.000000
138.000000 1.000000
139.000000 1.000000
140.000000 1.000000
141.000000 1.000000
142.000000 1.000000
143.000000 1.000000
144.000000 1.000000
145.000000 1.000000
146.000000 1.000000
147.000000 1.000000
148.000000 1.000000
149.000000 1.000000
150.000000 1.000000
