1.000000 0.000000
2.000000 0.000000
3.000000 0.000000
4.000000 0.000000
5.000000 0.000000
6.000000 0.000000
7.000000 0.000000
8.000000 0.000000
9.000000 0.000000
10.000000 0.000000
11.000000 0.000000
12.000000 0.000000
13.000000 0.000000
14.000000 0.000000
15.000000 0.070936
16.000000 0.185247
17.000000 0.321046
18.000000 0.461874
19.000000 0.596144
20.000000 0.711381
21.000000 0.802377
22.000000 0.868852
23.000000 0.913522
24.000000 0.940609
25.000000 0.955126
26.000000 0.961756
27.000000 0.964274
28.000000 0.965353
29.000000 0.966623
30.000000 0.968825
31.000000 0.972066
32.000000 0.976078
33.000000 0.980435
34.000000 0.984704
35.000000 0.988544
36.000000 0.991746
37.000000 0.994231
38.000000 0.996026
39.000000 0.997228
40.000000 0.997973
41.000000 0.998396
42.000000 0.998622
43.000000 0.998746
44.000000 0.998834
45.000000 0.998923
46.000000 0.999030
47.000000 0.999156
48.000000 0.999292
49.000000 0.999429
50.000000 0.999556
51.000000 0.999667
52.000000 0.999757
53.000000 0.999826
54.000000 0.999875
55.000000 0.999909
56.000000 0.999930
57.000000 0.999943
58.000000 0.999951
59.000000 0.999957
60.000000 0.999961
61.000000 0.999965
62.000000 0.999969
63.000000 0.999974
64.000000 0.999978
65.000000 0.999983
66.000000 0.999987
67.000000 0.999990
68.000000 0.999992
69.000000 0.999994
70.000000 0.999996
71.000000 0.999997
72.000000 0.999997
73.000000 0.999998
74.000000 0.999998
75.000000 0.999998
76.000000 0.999999
77.000000 0.999999
78.000000 0.999999
79.000000 0.999999
80.000000 0.999999
81.000000 0.999999
82.000000 1.000000
83.000000 1.000000
84.000000 1.000000
85.000000 1.000000
86.000000 1.000000
87.000000 1.000000
88.000000 1.000000
89.000000 1.000000
90.000000 1.000000
91.000000 1.000000
92.000000 1.000000
93.000000 1.000000
94.000000 1.000000
95.000000 1.000000
96.000000 1.000000
97.000000 1.000000
98.000000 1.000000
99.000000 1.000000
100.000000 1.000000
101.000000 1.000000
102.000000 1.000000
103.000000 1.000000
104.000000 1.000000
105.000000 1.000000
106.000000 1.000000
107.000000 1.000000
108.000000 1.000000
109.000000 1.000000
110.000000 1.000000
111.000000 1.000000
112.000000 1.000000
113.000000 1.000000
114.000000 1.000000
115.000000 1.000000
116.000000 1.000000
117.000000 1.000000
118.000000 1.000000
119.000000 1.000000
120.000000 1.000000
121.000000 1.000000
122.000000 1.000000
123.000000 1.000000
124.000000 1.000000
125.000000 1.000000
126.000000 1.000000
127.000000 1.000000
128.000000 1.000000
129.000000 1.000000
130.000000 1.000000
131.000000 1.000000
132.000000 1.000000
133.000000 1.000000
134.000000 1.000000
135.000000 1.000000
136.000000 1.000000
137.000000 1.000000
138.000000 1.000000
139.000000 1.000000
140.000000 1.000000
141.000000 1.000000
142.000000 1.000000
143.000000 1.000000
144.000000 1.000000
145.000000 1.000000
146.000000 1.000000
147.000000 1.000000
148.000000 1.000000
149.000000 1.000000
150.000000 1.000000
