1.000000 0.000000
2.000000 0.000000
3.000000 0.000000
4.000000 0.000000
5.000000 0.000000
6.000000 0.000000
7.000000 0.000000
8.000000 0.000000
9.000000 0.000000
10.000000 0.000000
11.000000 0.000000
12.000000 0.000000
13.000000 0.000000
14.000000 0.000000
15.000000 0.074589
16.000000 0.191502
17.000000 0.326864
18.000000 0.463973
19.000000 0.591975
20.000000 0.699018
21.000000 0.781463
22.000000 0.840590
23.000000 0.880206
24.000000 0.905020
25.000000 0.920044
26.000000 0.929498
27.000000 0.936411
28.000000 0.942632
29.000000 0.949050
30.000000 0.955846
31.000000 0.962794
32.000000 0.969511
33.000000 0.975631
34.000000 0.980897
35.000000 0.985193
36.000000 0.988535
37.000000 0.991033
38.000000 0.992848
39.000000 0.994152
40.000000 0.995104
41.000000 0.995830
42.000000 0.996420
43.000000 0.996929
44.000000 0.997387
45.000000 0.997805
46.000000 0.998182
47.000000 0.998515
48.000000 0.998801
49.000000 0.999040
50.000000 0.999233
51.000000 0.999386
52.000000 0.999505
53.000000 0.999597
54.000000 0.999667
55.000000 0.999723
56.000000 0.999768
57.000000 0.999805
58.000000 0.999837
59.000000 0.999864
60.000000 0.999887
61.000000 0.999907
62.000000 0.999924
63.000000 0.999938
64.000000 0.999949
65.000000 0.999959
66.000000 0.999967
67.000000 0.999973
68.000000 0.999978
69.000000 0.999981
70.000000 0.999985
71.000000 0.999987
72.000000 0.999989
73.000000 0.999991
74.000000 0.999993
75.000000 0.999994
76.000000 0.999995
77.000000 0.999996
78.000000 0.999997
79.000000 0.999997
80.000000 0.999998
81.000000 0.999998
82.000000 0.999998
83.000000 0.999999
84.000000 0.999999
85.000000 0.999999
86.000000 0.999999
87.000000 0.999999
88.000000 0.999999
89.000000 1.000000
90.000000 1.000000
91.000000 1.000000
92.000000 1.000000
93.000000 1.000000
94.000000 1.000000
95.000000 1.000000
96.000000 1.000000
97.000000 1.000000
98.000000 1.000000
99.000000 1.000000
100.000000 1.000000
101.000000 1.000000
102.000000 1.000000
103.000000 1.000000
104.000000 1.000000
105.000000 1.000000
106.000000 1.000000
107.000000 1.000000
108.000000 1.000000
109.000000 1.000000
110.000000 1.000000
111.000000 1.000000
112.000000 1.000000
113.000000 1.000000
114.000000 1.000000
115.000000 1.000000
116.000000 1.000000
117.000000 1.000000
118.000000 1.000000
119.000000 1.000000
120.000000 1.000000
121.000000 1.000000
122.000000 1.000000
123.000000 1.000000
124.000000 1.000000
125.000000 1.000000
126.000000 1.000000
127.000000 1.000000
128.000000 1.000000
129.000000 1.000000
130.000000 1.000000
131.000000 1.000000
132.000000 1.000000
133.000000 1.000000
134.000000 1.000000
135.000000 1.000000
136.000000 1.000000
137.000000 1.000000
138.000000 1.000000
139.000000 1.000000
140.000000 1.000000
141.000000 1.000000
142.000000 1.000000
143.000000 1.000000
144.000000 1.000000
145.000000 1.000000
146.000000 1.000000
147.000000 1.000000
148.000000 1.000000
149.000000 1.000000
150.000000 1.000000
