1805.9
1797.9
1775.4
1728.8
1723
1733.6
1715.8
1700.7
1698.5
1678
1716.9
1721.8
1722.6
1719.8
1729.2
1730.9
1727.1
1734.6
1743.9
1740.4
1727.5
1735.5
1727.3
1734.7
1714.6
1686
1715.6
1728.4
1728.8
1743
1741.6
1758.2
1744.8
1732.7
1747.6
1736.3
1766.8
1780.2
1770.6
1778.4
1793.1
1782
1777.8
1780.1
1778.8
1773.9
1768.3
1767.7
1791.8
1776
1784.3
1815.7
1831.3
1837.6
1836.1
1822.8
1824
1838.1
1867.6
1868
1881.5
1883.9
1878.9
1886.7
1900.5
1903.8
1898.5
1905.3
1905
1909.9
1873.3
1892
1898.8
1894.4
1895.5
1896.4
1879.6
1865.9
1856.4
1861.4
1774.8
1769
1782.9
1777.4
1783.4
1776.7
1777.8
1780.7
1763.6
1771.6
1776.8
1783.3
1794.2
1802.1
1800.2
1810.6
1805.9
1809.9
1825
1829
1815
1809.2
1811.4
1807.4
1809.2
1805.9
1803.4
1804
1804.6
1835.8
1817.2
1822.2
1814.1
1814.5
1808.9
1763.1
1726.5
1731.7
1753.3
1751.8
1778.2
1789.8
1787.8
1784.4
1783.1
1784
1806.3
1808.5
1791
1795.2
1819.5
1812.2
1818.1
1816
1811.5
1833.7
1798.5
1793.5
1800
1792.1
1794.4
1807.1
1794.8
1756.7
1751.4
1763.8
1778.2
1778.8
1749.8
1751.7
1752
1737.5
1722.9
1757
1758.4
1767.6
1760.9
1761.8
1759.2
1757.4
1755.7
1759.3
1794.7
1797.9
1768.3
1765.7
1770.5
1784.9
1781.9
1796.3
1806.8
1793.4
1798.8
1802.6
1783.9
1795.8
1789.4
1763.9
1793.5
1816.8
1828
1830.8
1848.3
1863.9
1868.5
1866.6
1854.1
1872.8
1864
1854.3
1809.1
1786.3
1786.9
1788.1
1785.2
1776.5
1784.3
1765.7
1783.9
1779.5
1784.7
1785.5
1776.7
1784.8
1788.3
1772.3
1764.5
