-0.5 -12.81259828940312
-0.49 -12.502011834411745
-0.48 -12.460615763588859
-0.47 -12.123486616777642
-0.45999999999999996 -11.977194058894202
-0.44999999999999996 -11.72177091217856
-0.43999999999999995 -11.959403293712953
-0.42999999999999994 -11.039819946921455
-0.41999999999999993 -11.538954917291981
-0.4099999999999999 -11.586432865333087
-0.3999999999999999 -10.542541756803432
-0.3899999999999999 -10.996961640667871
-0.3799999999999999 -10.271903485294278
-0.3699999999999999 -10.220013366159632
-0.3599999999999999 -10.075856884569692
-0.34999999999999987 -9.891833170719986
-0.33999999999999986 -9.503867124452519
-0.32999999999999985 -9.978517982009167
-0.31999999999999984 -9.596278242400919
-0.30999999999999983 -9.870658417326505
-0.2999999999999998 -9.191126083953218
-0.2899999999999998 -8.773638308225191
-0.2799999999999998 -9.029551993968028
-0.2699999999999998 -8.98127431280501
-0.2599999999999998 -8.899094259066356
-0.24999999999999978 -8.766232087485204
-0.23999999999999977 -8.494774956685044
-0.22999999999999976 -8.035420963706969
-0.21999999999999975 -8.371533374596936
-0.20999999999999974 -8.030126039276901
-0.19999999999999973 -7.967258373180257
-0.18999999999999972 -7.7115141096993645
-0.17999999999999972 -8.153903824885994
-0.1699999999999997 -7.175434724145519
-0.1599999999999997 -7.731150348033557
-0.1499999999999997 -7.742121649754182
-0.13999999999999968 -7.067110306594946
-0.12999999999999967 -7.2778730967095635
-0.11999999999999966 -6.965346679873805
-0.10999999999999965 -6.783977593252063
-0.09999999999999964 -6.362373384185479
-0.08999999999999964 -6.210846040157939
-0.07999999999999963 -5.971053627019554
-0.06999999999999962 -6.724952087546825
-0.05999999999999961 -6.4625118615627635
-0.0499999999999996 -6.054329462219607
-0.03999999999999959 -6.170146735287744
-0.029999999999999583 -6.09971042316788
-0.019999999999999574 -5.58060698533867
-0.009999999999999565 -5.438756829461483
4.440892098500626e-16 -5.9418242996105155
0.010000000000000453 -4.913640043303511
0.020000000000000462 -5.011293647645505
0.03000000000000047 -5.225940165666669
0.04000000000000048 -5.159630174954835
0.05000000000000049 -4.892931411791713
0.0600000000000005 -4.537093448616001
0.0700000000000005 -5.243312451454321
0.08000000000000052 -4.747209148919278
0.09000000000000052 -4.2554147592657445
0.10000000000000053 -4.334501990526953
0.11000000000000054 -4.646036063147445
0.12000000000000055 -4.154148082892453
0.13000000000000056 -3.769391417459931
0.14000000000000057 -4.2642621092534165
0.15000000000000058 -3.9687047883379187
0.1600000000000006 -3.995379460024906
0.1700000000000006 -3.851989528370429
0.1800000000000006 -3.462686767381901
0.1900000000000006 -3.202083932866967
0.20000000000000062 -3.9075988873664333
0.21000000000000063 -3.9242599300391316
0.22000000000000064 -2.875323357073075
0.23000000000000065 -3.0590734277218132
0.24000000000000066 -3.4031274240576197
0.25000000000000067 -3.5749887688453517
0.2600000000000007 -3.0289702428248533
0.2700000000000007 -2.5177032881084314
0.2800000000000007 -2.989849507899038
0.2900000000000007 -3.0229548871931744
0.3000000000000007 -2.5525057262951223
0.3100000000000007 -2.429188941862015
0.32000000000000073 -2.807401791747867
0.33000000000000074 -2.971528144692642
0.34000000000000075 -2.1242037860402587
0.35000000000000075 -2.7105799626495677
0.36000000000000076 -2.497694299913685
0.3700000000000008 -1.9489338039611632
0.3800000000000008 -1.929037954261729
0.3900000000000008 -2.158623176728799
0.4000000000000008 -1.6966984378272143
0.4100000000000008 -2.2538765348381866
0.4200000000000008 -2.148423542215993
0.4300000000000008 -1.658385167081417
0.44000000000000083 -1.2810983299240617
0.45000000000000084 -2.0846515486840893
0.46000000000000085 -1.3047251497933017
0.47000000000000086 -2.0167925230611337
0.48000000000000087 -1.4580428300033852
0.4900000000000009 -1.726193588386161
0.5000000000000009 -1.8658366185875257
0.5100000000000009 -1.2894995148693198
0.5200000000000009 -1.5630076576758136
0.5300000000000009 -1.5532090610677065
0.5400000000000009 -1.2299893896035723
0.5500000000000009 -1.466332464634776
0.5600000000000009 -1.0647699763439293
0.570000000000001 -1.3727546417641936
0.580000000000001 -0.6924980301140516
0.590000000000001 -0.998150925403677
0.600000000000001 -0.37152612052886325
0.610000000000001 -0.554497562563093
0.620000000000001 -1.08916509733122
0.630000000000001 -0.9565257092174808
0.640000000000001 -0.6046156639999858
0.650000000000001 -0.9536579031737981
0.660000000000001 -0.25291162125789046
0.670000000000001 -0.2031946227688981
0.680000000000001 -0.2829930293208952
0.6900000000000011 -0.6658610778821568
0.7000000000000011 -0.6011766001136039
0.7100000000000011 -0.17652594766954477
0.7200000000000011 0.07558750864280739
0.7300000000000011 -0.6512095921122936
0.7400000000000011 -0.6086948616435278
0.7500000000000011 0.19932164805158326
0.7600000000000011 -0.5334559897607294
0.7700000000000011 -0.37346932361736174
0.7800000000000011 -0.21501325369750846
0.7900000000000011 0.42083671493485353
0.8000000000000012 -0.14151608956627804
0.8100000000000012 0.4437549622141199
0.8200000000000012 -0.27289782434238125
0.8300000000000012 0.18298705262382542
0.8400000000000012 0.4608487108790991
0.8500000000000012 0.37708773333920387
0.8600000000000012 0.004540805599537845
0.8700000000000012 0.14824360787827268
0.8800000000000012 0.5704521721125811
0.8900000000000012 0.7187428971943047
0.9000000000000012 -0.0952580261734362
0.9100000000000013 0.5865908112466411
0.9200000000000013 0.35028876032050615
0.9300000000000013 0.6481990686783625
0.9400000000000013 0.1331240769519672
0.9500000000000013 0.2531017667010839
0.9600000000000013 0.06132103609425185
0.9700000000000013 0.5195052234172137
0.9800000000000013 -0.029893905260923358
0.9900000000000013 0.047157145207562604
1.0000000000000013 0.47942510014495543
1.0100000000000013 0.033595474380024165
1.0200000000000014 0.6236946567174447
1.0300000000000014 1.0410953329523565
1.0400000000000014 0.8267242218691302
1.0500000000000014 0.13456839628838085
1.0600000000000014 0.7502292339487163
1.0700000000000014 0.6976843290428492
1.0800000000000014 0.19392590805142934
1.0900000000000014 1.1292691983398344
1.1000000000000014 0.5433996160890835
1.1100000000000014 1.0565957630963636
1.1200000000000014 0.8130395711072133
1.1300000000000014 0.9464361530835057
1.1400000000000015 0.2638779524730377
1.1500000000000015 0.8212079306329392
1.1600000000000015 3
1.1700000000000015 1.217532271114673
1.1800000000000015 0.8590143743365974
1.1900000000000015 0.6681274417766769
1.2000000000000015 1.0321691492244494
1.2100000000000015 0.8431384762499308
1.2200000000000015 1.2211549976256764
1.2300000000000015 0.3159440094236187
1.2400000000000015 0.8351026321210016
1.2500000000000016 1.2611315666053167
1.2600000000000016 0.8459189814321301
1.2700000000000016 0.6255770902879167
1.2800000000000016 1.3080467135442917
1.2900000000000016 0.37914394018950054
1.3000000000000016 1.1219813191230958
1.3100000000000016 0.8854647645440478
1.3200000000000016 0.6739551244459423
1.3300000000000016 0.5867219844603153
1.3400000000000016 0.6202973995578749
1.3500000000000016 1.067593034170976
1.3600000000000017 0.7864394187518322
1.3700000000000017 0.5286300395431177
1.3800000000000017 1.1064529885252201
1.3900000000000017 0.546681603966169
1.4000000000000017 0.9843630070010858
1.4100000000000017 1.3405822623675299
1.4200000000000017 0.4177019634258632
1.4300000000000017 0.8206208061273836
1.4400000000000017 0.9005606784623614
1.4500000000000017 0.6932556251746376
1.4600000000000017 0.733717010661737
1.4700000000000017 1.1232714768261294
1.4800000000000018 6
1.4900000000000018 0.8988358892887343
1.5000000000000018 0.6713363753139391
1.5100000000000016 0.5853169939265555
1.5200000000000018 0.760786471394713
1.530000000000002 1.2587694645193976
1.5400000000000018 1.2329886129822007
1.5500000000000016 1.2764109126928087
1.5600000000000018 1.2757960238794235
1.570000000000002 0.6220279993815702
1.5800000000000018 1.2187904413398618
1.5900000000000016 0.9093171361597192
1.6000000000000019 1.1844469476685942
1.610000000000002 0.547213855373464
1.6200000000000019 1.2650519416744812
1.6300000000000017 0.9955813566894662
1.640000000000002 1.258664841487638
1.6500000000000021 0.6162572023834674
1.660000000000002 0.5134401506492073
1.6700000000000017 0.43867327894677155
1.680000000000002 1.2418959918885437
1.6900000000000022 0.9447861478162718
1.700000000000002 0.3841177513380226
1.7100000000000017 0.7043480671075797
1.720000000000002 0.760001056877581
1.7300000000000022 1.0803134920954072
1.740000000000002 0.6166177440133674
1.7500000000000018 1.141697440461221
1.760000000000002 0.9628757676658548
1.7700000000000022 0.6899989754409974
1.780000000000002 0.9303494339183696
1.7900000000000018 1.1565278056071822
1.800000000000002 0.382687908750282
1.8100000000000023 0.2711475946935257
1.820000000000002 0.3117775646466211
1.8300000000000018 0.5427629889406789
1.840000000000002 0.8137721705600848
1.8500000000000023 0.32842300379770295
1.860000000000002 1.0442930619469297
1.8700000000000019 0.6424330250557722
1.8800000000000021 0.3457180653152591
1.8900000000000023 0.4902034885449324
1.9000000000000021 0.2078325531481376
1.910000000000002 0.7252409631801114
1.9200000000000021 -2
1.9300000000000024 0.36290164080883736
1.9400000000000022 1.0060078171764895
1.950000000000002 0.5118463379888447
1.9600000000000022 0.13626208460378128
1.9700000000000024 0.5261903528390806
1.9800000000000022 0.18462998624259552
1.990000000000002 0.13139573952871078
2.000000000000002 0.7634580823550363
2.0100000000000025 0.14409176946864863
2.0200000000000022 0.9285183807762224
2.030000000000002 0.5505745657455374
2.0400000000000023 0.7237573841447689
2.0500000000000025 0.14356291017900322
2.0600000000000023 0.39690366460547327
2.070000000000002 0.08661515411588398
2.0800000000000023 0.6352597652957873
2.0900000000000025 0.3920757146198085
2.1000000000000023 0.87110720198996
2.110000000000002 0.11608540179419491
2.1200000000000023 0.003017684992111788
2.1300000000000026 -0.06188636010397039
2.1400000000000023 0.35105770647177387
2.150000000000002 0.16691964231931336
2.1600000000000024 0.4572844698201365
2.1700000000000026 0.28916784041468807
2.1800000000000024 0.6263802007126481
2.190000000000002 0.026977591774784815
2.2000000000000024 0.2389787171332966
2.2100000000000026 0.20981578883408253
2.2200000000000024 0.676517317685986
2.230000000000002 -0.19549136882096996
2.2400000000000024 0.49291205941852995
2.2500000000000027 0.3962880116694459
2.2600000000000025 0.4732887345138811
2.2700000000000022 0.6501842764149579
2.2800000000000025 -0.04087742501007191
2.2900000000000027 0.6029396285347625
2.3000000000000025 -0.2306531164373784
2.3100000000000023 -0.09833885202855874
2.3200000000000025 0.3689362419393226
2.3300000000000027 0.09454059335088116
2.3400000000000025 0.42794941381932805
2.3500000000000023 0.5695250379382568
2.3600000000000025 0.4649991546783349
2.3700000000000028 0.33858230488796925
2.3800000000000026 -0.12594044816438793
2.3900000000000023 0.19609916627120194
2.4000000000000026 0.3331710012735145
2.410000000000003 0.4895040810675757
2.4200000000000026 0.46738496818673414
2.4300000000000024 0.03816183828368447
2.4400000000000026 0.2343689939858279
2.450000000000003 -0.2721371871616404
2.4600000000000026 0.2436007628116914
2.4700000000000024 0.060233061600199034
2.4800000000000026 0.4713174476899991
2.490000000000003 -0.34044103932510833
2.5000000000000027 0.4283885832178804
2.5100000000000025 0.3540088549173081
2.5200000000000027 -0.26236364524391775
2.530000000000003 0.01628105307649319
2.5400000000000027 0.46581962708006414
2.5500000000000025 0.613304097834678
2.5600000000000027 -0.2760255799619845
2.570000000000003 0.33444272309688683
2.5800000000000027 -0.34221626035408764
2.5900000000000025 0.06948045199226183
2.6000000000000028 -0.3358587657564418
2.610000000000003 0.5717502325023304
2.6200000000000028 0.0825716057860224
2.6300000000000026 0.5396699229866622
2.640000000000003 0.5359151244260185
2.650000000000003 0.5589151847108147
2.660000000000003 0.00726474857339654
2.6700000000000026 0.04390095746091455
2.680000000000003 -0.06897408148045742
2.690000000000003 -0.01834716011420945
2.700000000000003 -0.0690815666462995
2.7100000000000026 0.5774880212305851
2.720000000000003 0.47746786882596365
2.730000000000003 0.6346260770501773
2.740000000000003 0.16666364531972633
2.7500000000000027 -0.13308569194619163
2.760000000000003 0.3010825868114403
2.770000000000003 -0.28422429487195694
2.780000000000003 -0.04746895872954349
2.7900000000000027 0.5461361069134962
2.800000000000003 0.23999405076421682
2.810000000000003 0.5813831593349621
2.820000000000003 0.2247511034313754
2.8300000000000027 0.6792872639985197
2.840000000000003 0.2984147577297434
2.850000000000003 0.6546474953610465
2.860000000000003 0.1751183800506425
2.8700000000000028 -0.1731434241283317
2.880000000000003 0.0792410661636398
2.8900000000000032 7
2.900000000000003 0.07285073723648886
2.910000000000003 0.4705596272221694
2.920000000000003 0.3136705709363615
2.9300000000000033 -0.08586105366861135
2.940000000000003 0.8066697752560592
2.950000000000003 0.04327403589374383
2.960000000000003 0.4450795250339187
2.9700000000000033 0.17907636136417387
2.980000000000003 0.7286778994126583
2.990000000000003 0.4801023516945073
3.000000000000003 0.8466710913523047
3.0100000000000033 0.3525696093436823
3.020000000000003 0.8431941098177547
3.030000000000003 0.8350022393452787
3.040000000000003 0.7467307060173816
3.0500000000000034 0.6780056525496632
3.060000000000003 0.2873219331543833
3.070000000000003 0.7223017247867571
3.080000000000003 0.3460256631872217
3.0900000000000034 0.6989173615036433
3.100000000000003 0.2783036090142006
3.110000000000003 0.7478983102863372
3.120000000000003 0.562939321752813
3.1300000000000034 0.7613820311814185
3.1400000000000032 -5
3.150000000000003 1.248557177470934
3.1600000000000033 1.0133690997371367
3.1700000000000035 1.386295664055682
3.1800000000000033 1.1324319465605948
3.190000000000003 0.8150695951307864
3.2000000000000033 1.073195291842951
3.2100000000000035 0.7080254064576392
3.2200000000000033 0.6747793666439754
3.230000000000003 1.1268538820308793
3.2400000000000033 1.2755695388967725
3.2500000000000036 1.2061437841698721
3.2600000000000033 1.680945773315801
3.270000000000003 0.8015969956455417
3.2800000000000034 1.5152922036717262
3.2900000000000036 1.169481444733148
3.3000000000000034 1.8454819819429211
3.310000000000003 1.5885468117046226
3.3200000000000034 1.2274120946242064
3.3300000000000036 1.354237690144768
3.3400000000000034 1.7646834276092869
3.350000000000003 1.7416437211875135
3.3600000000000034 1.823415600357984
3.3700000000000037 1.455626217988328
3.3800000000000034 2.0564128748560817
3.3900000000000032 1.4424913572282165
3.4000000000000035 1.4947773428090734
3.4100000000000037 1.6109821604288515
3.4200000000000035 1.9407760631438924
3.4300000000000033 2.3507991079147237
3.4400000000000035 1.8361032943876976
3.4500000000000037 2.305610484082527
3.4600000000000035 2.6385302763258363
3.4700000000000033 1.899282723985984
3.4800000000000035 2.091051395409483
3.4900000000000038 2.7984445750615037
3.5000000000000036 2.090996528833333
3.5100000000000033 2.8058006163192126
3.520000000000003 2.8261578062018744
3.530000000000004 2.1595513665708324
3.5400000000000036 2.9084950655800696
3.5500000000000034 2.5744478954052363
3.560000000000004 2.363589270969079
3.570000000000004 2.793304048735063
3.5800000000000036 2.697186127536196
3.5900000000000034 2.4533541024629404
3.600000000000003 3.444310479620669
3.610000000000004 2.875164747071158
3.6200000000000037 2.8893064521606515
3.6300000000000034 3.035530763354918
3.640000000000004 3.2315254147714296
3.650000000000004 3.6618669920516265
3.6600000000000037 3.494177793024985
3.6700000000000035 3.8490104895226565
3.6800000000000033 3.4289411437070783
3.690000000000004 4.050258071794849
3.7000000000000037 4.142740087667945
3.7100000000000035 3.658380910254172
3.720000000000004 4.022015461535431
3.730000000000004 3.670442162036335
3.7400000000000038 3.5756136741197686
3.7500000000000036 4.517281926490636
3.7600000000000033 3.8781719699160253
3.770000000000004 4.096876907085772
3.780000000000004 4.041626540106795
3.7900000000000036 4.626625378565552
3.8000000000000043 4.515570737370611
3.810000000000004 4.699206020937824
3.820000000000004 5.102937747517505
3.8300000000000036 4.420114801094507
3.8400000000000034 4.6537918063708785
3.850000000000004 5.051974203365997
3.860000000000004 4.619160236676889
3.8700000000000037 5.266403716944766
3.8800000000000043 4.789361508078145
3.890000000000004 5.5621671541381525
3.900000000000004 5.810836923940714
3.9100000000000037 5.4894681746230996
3.9200000000000035 5.160121678024793
3.930000000000004 5.885307478184741
3.940000000000004 6.221546150078304
3.9500000000000037 5.990016800129535
3.9600000000000044 6.129670316986365
3.970000000000004 6.246543729252897
3.980000000000004 5.833280661750307
3.9900000000000038 5.951897719004723
4.0000000000000036 6.976303461420369
4.010000000000004 6.930451062343836
4.020000000000004 6.820893335483614
4.030000000000004 6.689287234124523
4.0400000000000045 7.246176471633287
4.050000000000004 7.474371026578916
4.060000000000004 7.45298041566825
4.070000000000004 7.029668085580666
4.080000000000004 7.056812246481031
4.090000000000004 7.690920442451407
4.100000000000004 7.558852882385855
4.110000000000004 8.22714163245699
4.1200000000000045 8.396237024651318
4.130000000000004 7.765198277258693
4.140000000000004 8.485808076158396
4.150000000000004 7.943708926664357
4.160000000000004 8.634603196223523
4.170000000000004 8.511884159263422
4.180000000000004 9.056061621383412
4.190000000000004 8.972052330812124
4.200000000000005 9.214864512791896
4.210000000000004 8.68685162691111
4.220000000000004 9.414856216656881
4.230000000000004 8.881641355387844
4.240000000000004 9.514941767825329
4.250000000000004 9.555484736299213
4.260000000000004 9.60240665848017
4.270000000000004 9.96591717005326
4.280000000000005 9.958252685255369
4.2900000000000045 10.05483549036009
4.300000000000004 10.201465628084854
4.310000000000004 10.043252500261133
4.320000000000004 10.304130745839538
4.3300000000000045 10.526848282409375
4.340000000000004 10.703011185284794
4.350000000000004 11.059540247274962
4.360000000000005 11.364881215908785
4.3700000000000045 11.43008221375132
4.380000000000004 11.324525810167422
4.390000000000004 11.799839439861778
4.400000000000004 11.519563507124332
4.410000000000005 12.47718317148713
4.420000000000004 11.816451862308844
4.430000000000004 12.486361405123713
4.440000000000005 12.481772286057511
4.450000000000005 12.522612639370271
4.460000000000004 12.912863810257607
4.470000000000004 12.701730566454982
4.480000000000004 12.91291960097314
4.490000000000005 13.733619974960423
