0.0 0.014716688003443426
0.01 0.1504086028315782
0.02 0.0572599958146459
0.03 0.13072323941213235
0.04 0.18234275795997362
0.05 0.2902496870671465
0.06 0.2999627074618916
0.07 0.3810380266448291
0.08 0.39724938830715184
0.09 0.1629609373842265
0.1 0.24941851753786445
0.11 0.31831682944664497
0.12 0.4318964458579517
0.13 0.4233625511113812
0.14 0.43127665242105695
0.15 0.28633015075483115
0.16 0.4850367565557324
0.17 0.38740980111886614
0.18 0.48034819383837823
0.19 0.38926693496438647
0.2 0.37068350019245
0.21 0.27082880884025057
0.22 0.41149928425896043
0.23 0.3614036934246847
0.24 0.4198376249009632
0.25 0.361943895108108
0.26 0.30474062876497227
0.27 0.4206718888505738
0.28 0.38834260692955763
0.29 0.4278505428860748
0.3 0.570082688218671
0.31 0.31562558901771
0.32 0.4497580349614443
0.33 0.3568334101885405
0.34 0.5910091405536296
0.35000000000000003 0.3810625195871729
0.36 0.6728105411811272
0.37 0.4730062052480372
0.38 0.6087435657947549
0.39 0.623024022131911
0.4 0.5547300856443984
0.41000000000000003 0.6145997218416237
0.42 0.5011845652961957
0.43 0.4513103922558914
0.44 0.6092951614241571
0.45 0.5271685777632114
0.46 0.6458851454273078
0.47000000000000003 0.6832474507585343
0.48 0.5672650969693724
0.49 0.6865517459768682
0.5 0.811931141313502
0.51 0.4938689709952233
0.52 0.5589773941256213
0.53 0.8216568955407682
0.54 0.7930340872074211
0.55 0.68027668716973
0.56 0.7970582171539282
0.5700000000000001 0.7724994218897508
0.58 0.8645364169278777
0.59 0.568634753837345
0.6 0.7836607214393482
0.61 0.5960175787926685
0.62 0.7629012717271246
0.63 0.6093649422525882
0.64 0.9240995498311657
0.65 0.7360610655947357
0.66 0.7968135736489236
0.67 0.7250662660699448
0.68 0.6299635483702684
0.6900000000000001 0.8413078697883352
0.7000000000000001 0.752372464050255
0.71 0.8356846773149598
0.72 0.7549847140676791
0.73 0.982350823501086
0.74 0.8895113584923321
0.75 0.6949137721781735
0.76 0.8745401521521124
0.77 0.9130134368731908
0.78 0.8334545994980944
0.79 1.0224356470724074
0.8 0.8740426543493249
0.81 0.8838272953988996
0.8200000000000001 0.7987945117926333
0.8300000000000001 1.035756395983331
0.84 0.7798802061186736
0.85 0.8430184343348693
0.86 1.0846656032557078
0.87 0.7754108093921086
0.88 0.8900247441519049
0.89 0.7819520970099135
0.9 1.1053335812697584
0.91 0.878223793016309
0.92 1.1025244538163228
0.93 1.1010248156192488
0.9400000000000001 0.8141917278603464
0.9500000000000001 0.969919689841392
0.96 0.8784633321278608
0.97 1.0845808227812626
0.98 1.0790702105339196
0.99 1.109208307865861
1.0 0.9960356312884071
1.01 0.9349402150102718
1.02 0.995161597004666
1.03 0.9458280707062298
1.04 0.9320996346511004
1.05 1.0865647735799633
1.06 0.8964390819428345
1.07 1.114292041208441
1.08 0.9887541242630303
1.09 1.1511562228923276
1.1 0.9069971842727507
1.11 1.1151151142754516
1.12 0.9777822889765962
1.1300000000000001 0.9904146146376366
1.1400000000000001 1.2145907542182097
1.1500000000000001 1.2000556493855905
1.16 1.0223452951788503
1.17 1.2276370632963274
1.18 1.1133750523262564
1.19 1.1274020489346557
1.2 1.1903416813705034
1.21 1.2412901022960012
1.22 1.2126149332161842
1.23 1.0621941493039389
1.24 1.0795186143397573
1.25 1.0038175874459798
1.26 1.2763501485587638
1.27 1.277878715549558
1.28 1.1098984081065923
1.29 1.033790914423966
1.3 1.1446086672696774
1.31 1.1195219163586443
1.32 1.0000739947389963
1.33 1.02557099162474
1.34 1.1236674428923528
1.35 1.172140758958823
1.36 1.261678641509522
1.37 1.238562651452013
1.3800000000000001 1.1656241000341339
1.3900000000000001 1.052080011544434
1.4000000000000001 1.0974619561687886
1.41 1.0040727100987283
1.42 1.0165311145020621
1.43 1.1964620602712686
1.44 1.0649616921410414
1.45 1.1540458019934055
1.46 1.0816662873283949
1.47 1.0804162854284503
1.48 1.1076675536250251
1.49 1.3082370920014161
1.5 1.2057910575924833
1.51 1.0145416351204934
1.52 1.2212784809863377
1.53 1.2695425674021776
1.54 1.014661780593901
1.55 1.1561280793164435
1.56 1.0207973956481111
1.57 1.1223065203217732
1.58 1.3049280109619201
1.59 1.0961058199205438
1.6 1.2206987039690271
1.61 1.0427575357574246
1.62 1.1605503812634121
1.6300000000000001 1.0875200508891694
1.6400000000000001 1.1302690761786527
1.6500000000000001 1.0475406982419821
1.6600000000000001 1.3062991909217065
1.67 1.1682125105015981
1.68 1.2878172459803252
1.69 1.1680635805482242
1.7 1.1508729255624066
1.71 1.15370278161866
1.72 1.298860659549063
1.73 1.081926580717049
1.74 1.008499520449201
1.75 1.214349348841703
1.76 1.239511890414613
1.77 1.1847980581031536
1.78 1.1648159896217591
1.79 1.3005881217956383
1.8 1.2403146751917897
1.81 1.0716792086797633
1.82 1.2783437943757403
1.83 1.0495047957040833
1.84 1.1465748568495508
1.85 1.1452430736009995
1.86 0.9646121457911443
1.87 0.9873778783418846
1.8800000000000001 1.1486916275614416
1.8900000000000001 1.1382624199492102
1.9000000000000001 1.016816088600165
1.9100000000000001 1.1912682389025755
1.92 0.9821792970480518
1.93 0.9729375405846337
1.94 1.0773418420412757
1.95 1.2608393025661693
1.96 1.136404584666829
1.97 1.084305338223269
1.98 1.2385514464573482
1.99 1.082635280662539
2.0 0.9376961046196652
2.0100000000000002 1.0875798046531204
2.02 1.0243813156973742
2.0300000000000002 1.1869092438465723
2.04 1.1848797151799806
2.05 0.9105429681791051
2.06 0.9898796551666639
2.07 1.082720119306771
2.08 0.9820849615415047
2.09 0.9021028205943802
2.1 1.0362285551419217
2.11 1.0744832065188132
2.12 1.1794269994346687
2.13 0.9191196049378899
2.14 1.071749749281588
2.15 0.8494063794030902
2.16 1.090211439324486
2.17 1.0819712172417897
2.18 0.8893294448099082
2.19 1.082172567763417
2.2 0.8379346841152662
2.21 1.1037762882590183
2.22 0.9563634536500661
2.23 0.8424705683480893
2.24 1.074537320163432
2.25 0.8436132610622279
2.2600000000000002 0.9234813803864609
2.27 0.9255663243759207
2.2800000000000002 0.8852845070373572
2.29 1.041393760711015
2.3000000000000003 0.8126542339557821
2.31 0.8461450700664126
2.32 0.9152927205831878
2.33 0.7960077096993777
2.34 0.7203731196687226
2.35 1.0319576554830128
2.36 0.7730608247425431
2.37 0.7905882399452615
2.38 0.6967359204257244
2.39 0.7478370070126291
2.4 0.891066132885377
2.41 0.7191796958679626
2.42 0.7854124909752009
2.43 0.7066834638249667
2.44 0.8465062119850313
2.45 0.7491338261447813
2.46 0.7038191107652273
2.47 0.6466298952112666
2.48 0.6225831268636929
2.49 0.7153650093849635
2.5 0.8436895295107513
2.5100000000000002 0.8130388492419744
2.52 0.8923717443474544
2.5300000000000002 0.7126741773073527
2.54 0.7656515608572146
2.5500000000000003 0.7208427280166155
2.56 0.863107329125844
2.57 0.7145396416177386
2.58 0.8255771100524212
2.59 0.5341685401788524
2.6 0.8464660015377089
2.61 0.6101382180463346
2.62 0.7363369417155421
2.63 0.5696578122239657
2.64 0.6226176288831248
2.65 0.589482991439615
2.66 0.5988134089081858
2.67 0.5028921315959163
2.68 0.6548963779785688
2.69 0.6199102329311622
2.7 0.6671677013891373
2.71 0.6679013230743325
2.72 0.7017713154356298
2.73 0.4624775438239272
2.74 0.4276672031697335
2.75 0.5364299733887012
2.7600000000000002 0.5189873492250915
2.77 0.41982711161622727
2.7800000000000002 0.5550070798960045
2.79 0.6379267440848402
2.8000000000000003 0.3815501391396686
2.81 0.5225605962595663
2.82 0.38720391547964883
2.83 0.5963721356405773
2.84 0.32963300523344813
2.85 0.5985730658178436
2.86 0.45056576905234935
2.87 0.3093132230796415
2.88 0.351263782859915
2.89 0.4735144109443725
2.9 0.3409496640491881
2.91 0.4863897365830897
2.92 0.3935132784995082
2.93 0.32226479651326384
2.94 0.29975301652543074
2.95 0.49893319728042107
2.96 0.3382391565672298
2.97 0.2832780768810539
2.98 0.4669053029862909
2.99 0.315998372870931
3.0 0.2003997045539848
3.0100000000000002 0.34409254242708387
3.02 0.1858582795679131
3.0300000000000002 0.11168789725324121
3.04 0.3054149269811121
3.0500000000000003 0.3529491140400969
3.06 0.2787632696460158
3.0700000000000003 0.1268127561344179
3.08 0.066731454267593
3.09 0.21739209538812462
3.1 0.10313334463728673
3.11 0.05648023334186281
3.12 0.08570208798493018
3.13 0.13856624423198938
3.14 0.33014031672301586
3.15 0.303551299195926
3.16 0.09393042694375965
3.17 0.2231814626590704
3.18 0.24723462577976107
3.19 0.24017179192068366
3.2 0.10559352894563791
3.21 0.1603927502685532
3.22 -0.07670682671702789
3.23 0.06035153015512329
3.24 -0.060072942884161804
3.25 0.20339386559123107
3.2600000000000002 -0.09768892285674245
3.27 0.09957631492384397
3.2800000000000002 0.15073736347428612
3.29 -0.13268246301064562
3.3000000000000003 -0.08738841696151324
3.31 -0.0388968109339303
3.3200000000000003 -0.13432602988137954
3.33 0.03547302578136022
3.34 -0.14849386124651714
3.35 -0.059063029319701865
3.36 -0.06447904175055888
3.37 -0.09947256721813952
3.38 -0.05954639181049806
3.39 0.07985267058759582
3.4 -0.0996834108809442
3.41 0.06372337981660281
3.42 -0.07478589232173122
3.43 -0.05298114490779712
3.44 -0.15548944185751856
3.45 -0.08532106055767508
3.46 -0.016799354817500556
3.47 -0.19716839569104708
3.48 -0.33185617957217867
3.49 -0.05537067860222661
3.5 -0.3031973068975571
3.5100000000000002 -0.06424003477557083
3.52 -0.0995972268376879
3.5300000000000002 -0.18386954840455205
3.54 -0.28759511581247577
3.5500000000000003 -0.06469644217975468
3.56 -0.111332464398404
3.5700000000000003 -0.41444641270234134
3.58 -0.10460822439953488
3.59 -0.18564572313117547
3.6 -0.31873238848425306
3.61 -0.1490045767391886
3.62 -0.31590156458013674
3.63 -0.32169445042938294
3.64 -0.19999161682052152
3.65 -0.16518788638057824
3.66 -0.34045947022299383
3.67 -0.45809503661373413
3.68 -0.41542869129973076
3.69 -0.39525379719998266
3.7 -0.48944139074201826
3.71 -0.35604424572360904
3.72 -0.2466889135342762
3.73 -0.36982344726982685
3.74 -0.3909123027963449
3.75 -0.3291461310540964
3.7600000000000002 -0.28266445040074956
3.77 -0.44267232738855755
3.7800000000000002 -0.5562935042783271
3.79 -0.3900392804256878
3.8000000000000003 -0.280697521622092
3.81 -0.5385600120566468
3.8200000000000003 -0.4428999540592189
3.83 -0.44284788144181286
3.84 -0.5769087877745507
3.85 -0.3265208998328704
3.86 -0.47996532576765094
3.87 -0.5695985388390651
3.88 -0.6178254918667612
3.89 -0.6767292695924082
3.9 -0.5566740275702492
3.91 -0.3771288357047436
3.92 -0.4211218649684564
3.93 -0.44908891878662777
3.94 -0.5007238704793906
3.95 -0.40644914897406365
3.96 -0.5584610434338215
3.97 -0.48013790909009185
3.98 -0.4657258055223797
3.99 -0.5179578234477874
4.0 -0.6072521598637878
4.01 -0.6918101382577153
4.0200000000000005 -0.45489599691246957
4.03 -0.7228044512268907
4.04 -0.6718344570891107
4.05 -0.6797857199193079
4.0600000000000005 -0.4886933403721413
4.07 -0.5982753845184214
4.08 -0.8049018407536359
4.09 -0.6645053218233895
4.1 -0.7245868891991915
4.11 -0.505702406913314
4.12 -0.5059827608887009
4.13 -0.8075978996749138
4.14 -0.7944705776828856
4.15 -0.5656078271376144
4.16 -0.7288458698026209
4.17 -0.5401191011832294
4.18 -0.5631177991896272
4.19 -0.6402312081304316
4.2 -0.710579305799111
4.21 -0.6576713187156601
4.22 -0.7487015915908117
4.23 -0.5655436832752057
4.24 -0.8165893036522953
4.25 -0.6690250905049133
4.26 -0.7549789932472224
4.2700000000000005 -0.6694438062040962
4.28 -0.6839042637917891
4.29 -0.6020797346547071
4.3 -0.700971500791641
4.3100000000000005 -0.6558445533342849
4.32 -0.7221989562699148
4.33 -0.7800097949885424
4.34 -0.6373565831075221
4.3500000000000005 -0.7547372690239846
4.36 -0.640206539742465
4.37 -0.9002719609188128
4.38 -0.8085487447981659
4.39 -0.8820249376802715
4.4 -0.8580548799895519
4.41 -0.9276680638476752
4.42 -0.8695227731791079
4.43 -0.7163816237537175
4.44 -0.7870622478502239
4.45 -0.8232026829407294
4.46 -0.6684472164787403
4.47 -0.9008788444059544
4.48 -0.8695671219345448
4.49 -0.7116887840558224
4.5 -0.9770400869250727
4.51 -0.9763158349742104
4.5200000000000005 -0.6681157346049897
4.53 -0.8858692534564754
4.54 -0.6711445029447831
4.55 -0.94658726838088
4.5600000000000005 -0.6808718960563951
4.57 -0.7976389231928813
4.58 -0.7541857851666511
4.59 -0.8146426216459145
4.6000000000000005 -0.7404891902793431
4.61 -0.6668939255939929
4.62 -0.9921665498998444
4.63 -0.8187575821483257
4.64 -0.9831291387136767
4.65 -0.9881127089304401
4.66 -0.6657418351739042
4.67 -0.9505462290727454
4.68 -0.9888631212622083
4.69 -0.8458319722977452
4.7 -0.9814310985210117
4.71 -0.9675536558840788
4.72 -0.9031116451491156
4.73 -0.675783091209762
4.74 -0.6753131510848958
4.75 -0.904724471464279
4.76 -0.9958043800703981
4.7700000000000005 -0.8474165662528923
4.78 -0.9933451042757357
4.79 -0.8335619488120557
4.8 -0.668769021165083
4.8100000000000005 -0.7912578647907796
4.82 -0.8248442415663736
4.83 -0.9622859937896818
4.84 -0.8556947621164225
4.8500000000000005 -0.7353669211759775
4.86 -0.7915362114733017
4.87 -0.8400692117651856
4.88 -0.8622711309866785
4.89 -0.6783952795044854
4.9 -0.9673944020105499
4.91 -0.953966265856473
4.92 -0.7771866318519853
4.93 -0.659915011726256
4.94 -0.8722769669072185
4.95 -0.815707983779466
4.96 -0.9181585905358262
4.97 -0.63901244842781
4.98 -0.7017815054622554
4.99 -0.903936571433463
5.0 -0.741185898765636
5.01 -0.8113507895738673
5.0200000000000005 -0.844541852703066
5.03 -0.8092631018290961
5.04 -0.8319723150006084
5.05 -0.7251125957229175
5.0600000000000005 -0.9002400418112768
5.07 -0.9149199584451794
5.08 -0.8858777568795743
5.09 -0.7004605779265942
5.1000000000000005 -0.5939642466523474
5.11 -0.6313986491109439
5.12 -0.605637770771768
5.13 -0.7034149658496702
5.14 -0.8825538710382371
5.15 -0.6705614819076979
5.16 -0.884972938779007
5.17 -0.8204601809928918
5.18 -0.6427842327945835
5.19 -0.7726411830248019
5.2 -0.8733662320040302
5.21 -0.8041421816295535
5.22 -0.8004940160785186
5.23 -0.7636373612269756
5.24 -0.8479987866121994
5.25 -0.6109223044062271
5.26 -0.7587367146022972
5.2700000000000005 -0.6260094091451277
5.28 -0.660314560458242
5.29 -0.6399861674920337
5.3 -0.7901656723736761
5.3100000000000005 -0.7614276288309209
5.32 -0.6637111790247583
5.33 -0.6226409703042544
5.34 -0.5572024633578949
5.3500000000000005 -0.570809979787793
5.36 -0.5485604242425982
5.37 -0.7088162510069338
5.38 -0.6563103244439266
5.39 -0.6479753062287793
5.4 -0.556242163620195
5.41 -0.6702593525126712
5.42 -0.4351098119179148
5.43 -0.700905268383452
5.44 -0.662165723902936
5.45 -0.4675497571624529
5.46 -0.5819512967145257
5.47 -0.6659360763413122
5.48 -0.7025041851254108
5.49 -0.4002208781457431
5.5 -0.4342581951031064
5.51 -0.4708000557011329
5.5200000000000005 -0.5265735035917632
5.53 -0.514831147546791
5.54 -0.5172993793613803
5.55 -0.5311656889087946
5.5600000000000005 -0.6496524266402921
5.57 -0.6396100992636845
5.58 -0.5538152379825997
5.59 -0.4384032879716254
5.6000000000000005 -0.5368583163665477
5.61 -0.39568016576396836
5.62 -0.5157483043205752
5.63 -0.46273829743165784
5.64 -0.5823073459550119
5.65 -0.30998766878556294
5.66 -0.25519112948273553
5.67 -0.5693943215250761
5.68 -0.35010802199733004
5.69 -0.4652859888377681
5.7 -0.359646582830228
5.71 -0.3989778703011999
5.72 -0.4644427375761027
5.73 -0.38071518012258276
5.74 -0.49716031768556945
5.75 -0.3039699873643439
5.76 -0.28463347005987916
5.7700000000000005 -0.3128631173006673
5.78 -0.46998573816360023
5.79 -0.3725052919157258
5.8 -0.42231849939093463
5.8100000000000005 -0.16825154622917077
5.82 -0.2829292235562167
5.83 -0.11049187616554879
5.84 -0.41410881199965566
5.8500000000000005 -0.15544162411313334
5.86 -0.3226044711429459
5.87 -0.39334807853298964
5.88 -0.17115130715195664
5.89 -0.3344513472522583
5.9 -0.20384315288326732
5.91 -0.19169689604913837
5.92 -0.3238016234171371
5.93 -0.1848419385226956
5.94 -0.2506585040069326
5.95 -0.14698303964756884
5.96 -0.09083999540871238
5.97 -0.19246033514740624
5.98 -0.022036624990846854
5.99 -0.03503316548659691
6.0 -0.07453182687246696
6.01 -0.07448224543741763
6.0200000000000005 0.060053146461559126
6.03 0.0073728620210243845
6.04 -0.08609807253305243
6.05 -0.14794164809243848
6.0600000000000005 0.10263543518894636
6.07 -0.17218524574985802
6.08 -0.045484004439884734
6.09 -0.0662824398937458
6.1000000000000005 0.10734170411081462
6.11 -0.08094280596476264
6.12 -0.007253605128133084
6.13 -0.04587982733648581
6.140000000000001 0.07980761542584108
6.15 -2.8923962700128092e-05
6.16 -0.11793815996182187
6.17 0.04258333924370801
6.18 0.17675162656440868
6.19 0.20583435904157385
6.2 -0.04339460800207887
6.21 0.1480772916718367
6.22 0.10700536144151247
6.23 0.26145806767388996
6.24 0.16743502005915173
6.25 0.21703228867187083
6.26 0.261471244232397
6.2700000000000005 0.024073011738845608
6.28 0.03025276995415242
6.29 0.2140132447999552
6.3 0.28453990057237943
6.3100000000000005 0.036255929719404986
6.32 0.1166297608066824
6.33 0.0820323856113436
6.34 0.3329001643932431
6.3500000000000005 0.15259806249826663
6.36 0.2723286517408376
6.37 0.20221681612028874
6.38 0.18786883398731724
6.390000000000001 0.33745013227172127
6.4 0.19489384615190597
6.41 0.13907230476715432
6.42 0.4429379076139017
6.43 0.2285209861566807
6.44 0.4071820143674693
6.45 0.4851604739342227
6.46 0.2919970975928925
6.47 0.311849756282087
6.48 0.3957679344623596
6.49 0.30977585804474805
6.5 0.3559662080642173
6.51 0.3929748487860305
6.5200000000000005 0.39664490148248854
6.53 0.46328808926785936
6.54 0.47164936195310403
6.55 0.34776962069103495
6.5600000000000005 0.44701403354292946
6.57 0.31524806548849466
6.58 0.427135140254548
6.59 0.5261808561538768
6.6000000000000005 0.33092891949591424
6.61 0.5905367000724988
6.62 0.625852628422476
6.63 0.657232253848156
6.640000000000001 0.38989012035440823
6.65 0.5593262638148134
6.66 0.6135374567667778
6.67 0.4465022383181116
6.68 0.3877530046153539
6.69 0.5919434779787326
6.7 0.5997307137763668
6.71 0.4716026930103279
6.72 0.5424366447492139
6.73 0.7602332290450327
6.74 0.4648720037299986
6.75 0.7556344101296117
6.76 0.7211088944457988
6.7700000000000005 0.7019096577036665
6.78 0.7970822135849174
6.79 0.5796453352257804
6.8 0.8116919333362418
6.8100000000000005 0.584242394071238
6.82 0.801505211957507
6.83 0.6474940209770121
6.84 0.6280330756294442
6.8500000000000005 0.7838620692633155
6.86 0.699234909952153
6.87 0.7734376836609698
6.88 0.6986787416195357
6.890000000000001 0.7311082174144898
6.9 0.6252065976476294
6.91 0.597107162641605
6.92 0.7038775243189067
6.93 0.810698663206673
6.94 0.8802297584799743
6.95 0.6997613620931603
6.96 0.7723598173498981
6.97 0.763433930838771
6.98 0.7863693932863254
6.99 0.8773212375537414
7.0 0.6891720033715514
7.01 0.7155636870203469
7.0200000000000005 0.9790509293931071
7.03 0.9071540109697712
7.04 0.8745345331068988
7.05 0.9372901779249868
7.0600000000000005 0.8786757038369125
7.07 0.891343709065414
7.08 0.9643636678546345
7.09 0.9460364395627158
7.1000000000000005 0.9884433439106822
7.11 0.8801429109786061
7.12 0.8418467914156762
7.13 0.7512036017095541
7.140000000000001 0.8160948794577856
7.15 0.7646249556509459
7.16 0.7830080952194737
7.17 0.8841295628168452
7.18 0.7816314057127082
7.19 0.7990275331239134
7.2 0.9266217838071157
7.21 0.9375162725407167
7.22 1.134678856167628
7.23 0.8810136366597275
7.24 0.9733954308556011
7.25 1.1113598756910088
7.26 0.9835084948046571
7.2700000000000005 1.0171489425720064
7.28 0.9825436337320265
7.29 1.1358629391046202
7.3 0.9717715426146221
7.3100000000000005 0.9678588116509915
7.32 1.1237760604796805
7.33 1.094860432659099
7.34 0.8846930947919154
7.3500000000000005 1.156274039166611
7.36 1.0951763984509504
7.37 0.99208234725296
7.38 0.9969523905201573
7.390000000000001 1.1847582355694828
7.4 1.1109095828227213
7.41 0.9331802926250649
7.42 1.208251543060621
7.43 1.02851685492864
7.44 1.226447701939731
7.45 1.0451026746493746
7.46 0.9516833195950487
7.47 1.0265807961510633
7.48 1.1588650006978058
7.49 1.0271725819274655
7.5 1.1892627147148358
7.51 1.0288952931838247
7.5200000000000005 0.9865214256580508
7.53 1.243121881990531
7.54 1.1668218943146353
7.55 1.2392364753916614
7.5600000000000005 1.0658143286678086
7.57 1.143494042447598
7.58 1.254219771051871
7.59 1.1108769111063759
7.6000000000000005 1.1027097190643147
7.61 1.2261914999781793
7.62 1.0855830164224889
7.63 1.127082358121155
7.640000000000001 1.090503824137575
7.65 1.094739677618435
7.66 1.2089285896668147
7.67 1.103900889705015
7.68 1.2435135480955632
7.69 1.31045170800566
7.7 1.208588422066036
7.71 1.0503721584949994
7.72 1.0763135652389235
7.73 1.2551928284666065
7.74 1.2604122765814119
7.75 1.1499847899526001
7.76 1.0347068224289873
7.7700000000000005 1.055259902940923
7.78 1.259068153594908
7.79 1.015676563690777
7.8 1.2531321050355095
7.8100000000000005 1.1938354806560998
7.82 1.109931778516101
7.83 1.3256433360565703
7.84 1.172691535969032
7.8500000000000005 1.2095550271692843
7.86 1.1086830096742006
7.87 1.2194148682354884
7.88 1.172504179531879
7.890000000000001 1.2197838840074007
7.9 1.3205719776309002
7.91 1.0876511327842042
7.92 1.006481968238204
7.930000000000001 1.3296687375461798
7.94 1.1613430931508675
7.95 1.0074452415999342
7.96 1.2143445126410173
7.97 1.1705564920197982
7.98 1.1670314986313968
7.99 1.0408646232305485
8.0 1.0610165618805687
8.01 0.9902830545709863
8.02 1.2428321301742855
8.03 1.0965588326740665
8.040000000000001 1.109512733307074
8.05 1.0397643611041512
8.06 1.0434950017511408
8.07 1.2209003080395742
8.08 1.040117172407912
8.09 1.171291549425677
8.1 1.1809229717935819
8.11 1.1026433801170479
8.120000000000001 1.1157502128648056
8.13 1.2519208570458604
8.14 1.2283315583108887
8.15 1.1240263897502898
8.16 1.1364805789683123
8.17 1.1254536757929752
8.18 1.0059830653096322
8.19 1.2063969074013177
8.2 1.138352298990358
8.21 1.1069783201853027
8.22 1.0870578617154276
8.23 0.9807103367153958
8.24 1.011300107280858
8.25 1.0004568035367336
8.26 1.0203609236194975
8.27 1.0576293008684738
8.28 0.9649110717192142
8.290000000000001 1.0810915124064917
8.3 0.9702409654630059
8.31 1.1142015824157812
8.32 0.9512666363227207
8.33 1.20988011692799
8.34 1.123500108371142
8.35 1.0762695737179475
8.36 1.0248611911003305
8.370000000000001 0.9177430555141703
8.38 0.9633858895228528
8.39 0.8993293322003314
8.4 0.898179055107138
8.41 0.9784399282256938
8.42 1.0967633501168588
8.43 1.156249341746957
8.44 0.8925246970366348
8.45 1.0004294706637955
8.46 0.8976846216481876
8.47 1.131792056170775
8.48 1.0525485032795547
8.49 1.0061377465228936
8.5 0.9340829859756425
8.51 0.8880925899369038
8.52 0.8133148626979015
8.53 1.0095528513718395
8.540000000000001 0.9739654011197625
8.55 0.927114404142338
8.56 0.9038020537760044
8.57 0.8087791077531971
8.58 0.7799382178603078
8.59 0.8656153747717956
8.6 0.8635517066703626
8.61 0.8804423448482898
8.620000000000001 0.7469879013079883
8.63 0.9638948898018552
8.64 0.9156336730968017
8.65 1.0110361203468172
8.66 0.721449719746576
8.67 0.8195525472865653
8.68 0.7258023524269105
8.69 0.8260224240636634
8.700000000000001 0.7170491678171905
8.71 0.7307846441530661
8.72 0.8121636858124408
8.73 0.7898566344199045
8.74 0.9551514879941279
8.75 0.8358562501827528
8.76 0.7543423917932182
8.77 0.6514614010342517
8.78 0.7272184394779554
8.790000000000001 0.8340557783092517
8.8 0.8758381497102476
8.81 0.8561591432383575
8.82 0.8636535631347464
8.83 0.6732061182970507
8.84 0.8683011786474719
8.85 0.7148672511230211
8.86 0.7136118237075376
8.870000000000001 0.795740420719903
8.88 0.6930761492650916
8.89 0.7973363069307495
8.9 0.6501469596347957
8.91 0.6657417360992943
8.92 0.7461135550383142
8.93 0.7965840963211377
8.94 0.6668012728419639
8.950000000000001 0.5852643576286906
8.96 0.6492138681746794
8.97 0.5920976615625462
8.98 0.46599029477838216
8.99 0.719720004629141
9.0 0.6604542954704239
9.01 0.6494985633473345
9.02 0.45149839395367924
9.03 0.47938835747163405
9.040000000000001 0.5470706541940609
9.05 0.40007848514249117
9.06 0.6290275065782084
9.07 0.6490362720159484
9.08 0.3768824605028575
9.09 0.5622489300230037
9.1 0.46006519125512885
9.11 0.4741234151079814
9.120000000000001 0.5279177663229521
9.13 0.3924140291001556
9.14 0.5572059501273283
9.15 0.5971109666440223
9.16 0.3774780797347046
9.17 0.47693169073531905
9.18 0.3870980541324432
9.19 0.44065497643547613
9.200000000000001 0.484032597634407
9.21 0.3790416057530831
9.22 0.20872204237955058
9.23 0.31486047620712043
9.24 0.3635289606196904
9.25 0.36760962322064805
9.26 0.25416998849843603
9.27 0.23091451902519478
9.28 0.27620314880484376
9.290000000000001 0.3254949195112634
9.3 0.18996586765223594
9.31 0.35181834404855716
9.32 0.1594625488772276
9.33 0.30235566393553986
9.34 0.30421983646671324
9.35 0.2876768725494173
9.36 0.37337687251240564
9.370000000000001 0.10732280880802866
9.38 0.27088615023426127
9.39 0.11922224926600172
9.4 0.32811080504943063
9.41 0.08761145005208823
9.42 0.10238242766110137
9.43 0.06031993181029563
9.44 0.15070796306540146
9.450000000000001 0.11479172489355033
9.46 0.009379705796597908
9.47 -0.03988663917333031
9.48 0.17356002629251116
9.49 0.04464589728925843
9.5 0.10940294856963734
9.51 0.07062587117225223
9.52 0.21404764594956277
9.53 -0.006222900557072628
9.540000000000001 0.02474558888694564
9.55 0.14153810233993808
9.56 0.0267768912863115
9.57 -0.0622684606433339
9.58 0.021102049759949282
9.59 -0.12567905223181053
9.6 0.04150467827731802
9.61 0.1186453176591927
9.620000000000001 -0.11545628009935448
9.63 0.07996635745708786
9.64 -0.20171718001848893
9.65 -0.08345895858027572
9.66 0.019696040948924853
9.67 0.01894430208071901
9.68 -0.09802928714609085
9.69 -0.0387838183408927
9.700000000000001 -0.1080482076162714
9.71 -0.028453322855400975
9.72 -0.15063672870831388
9.73 -0.23142600018489196
9.74 -0.1324430020950669
9.75 -0.06284094739652013
9.76 -0.12946693137772516
9.77 -0.05580553773677044
9.78 -0.3203567091504204
9.790000000000001 -0.30058403970196135
9.8 -0.08959172496940032
9.81 -0.27447454521701586
9.82 -0.37342664121179103
9.83 -0.27963869085528287
9.84 -0.09058812624964935
9.85 -0.24545817282491236
9.86 -0.10746725953306052
9.870000000000001 -0.3938767737710118
9.88 -0.21328528221348972
9.89 -0.17568656933327365
9.9 -0.16229766602424955
9.91 -0.4204624400175799
9.92 -0.14827408758463195
9.93 -0.39442741808440795
9.94 -0.19897726334606558
9.950000000000001 -0.4677363162176466
9.96 -0.4458981403438887
9.97 -0.45436271811127366
9.98 -0.22838833702074202
9.99 -0.2947341726834377
10.0 -0.3627160694707312
10.01 -0.23933811498504926
10.02 -0.26989543678543
10.03 -0.45462754693766566
10.040000000000001 -0.5595833942143151
10.05 -0.4968472858483733
10.06 -0.5646334697569382
10.07 -0.5808544755994012
10.08 -0.4549795940681296
10.09 -0.5325157204575139
10.1 -0.5761839029965499
10.11 -0.3702020825258882
10.120000000000001 -0.5480158712216868
10.13 -0.5848345702891964
10.14 -0.4646001116137012
10.15 -0.41054213517956245
10.16 -0.5289153503888245
10.17 -0.3851869334964899
10.18 -0.6285946737616773
10.19 -0.5401146473785612
10.200000000000001 -0.6367995628492935
10.21 -0.5094547858258676
10.22 -0.40819429932855383
10.23 -0.6870113473836625
10.24 -0.49953372825943987
10.25 -0.6529936396655694
10.26 -0.565757815195994
10.27 -0.5556865813971014
10.28 -0.5328187147016309
10.290000000000001 -0.6302631069791758
10.3 -0.7561850605193414
10.31 -0.5503509763259846
10.32 -0.6099540236974591
10.33 -0.5490177009204371
10.34 -0.6793608032884065
10.35 -0.5141026784315448
10.36 -0.7261821556381789
10.370000000000001 -0.7195921928062685
10.38 -0.6131140191478678
10.39 -0.7691227358440024
10.4 -0.5140114282359887
10.41 -0.5688021552246278
10.42 -0.6826800008839532
10.43 -0.761430662366181
10.44 -0.8266689021538722
10.450000000000001 -0.7498024995006368
10.46 -0.8347966972784573
10.47 -0.8227971169626522
10.48 -0.5939022048902334
10.49 -0.808133143169757
10.5 -0.7634983242076646
10.51 -0.8567257436916279
10.52 -0.8494981910605419
10.53 -0.6393642753568518
10.540000000000001 -0.7837849105744783
10.55 -0.605808676202591
10.56 -0.6649071714348093
10.57 -0.8875745564878045
10.58 -0.6017111219650577
10.59 -0.8408822883275057
10.6 -0.7219291094564023
10.61 -0.7550347982613641
10.620000000000001 -0.7548506891709245
10.63 -0.6439801149221962
10.64 -0.665991652708501
10.65 -0.8627968625577321
10.66 -0.660537907385071
10.67 -0.9444073787574329
10.68 -0.8152348317436474
10.69 -0.9375869647359035
10.700000000000001 -0.7869419574740918
10.71 -0.8983073615279789
10.72 -0.6716413233536667
10.73 -0.8090202298286419
10.74 -0.924490517514639
10.75 -0.7594268325065312
10.76 -0.6879683782603165
10.77 -0.6641709615030291
10.78 -0.7985381712974821
10.790000000000001 -0.6462265299498442
10.8 -0.8028553441188282
10.81 -0.6748429968226275
10.82 -0.7143855221945589
10.83 -0.864595915278745
10.84 -0.9288261869085924
10.85 -0.7818259043070702
10.86 -0.9413026581648775
10.870000000000001 -0.9085379392446445
10.88 -0.9793570226211057
10.89 -0.7861100591660308
10.9 -0.9236814231515887
10.91 -0.8772893274494091
10.92 -0.8732514296404634
10.93 -0.9815058607748797
10.94 -0.6821305267371688
10.950000000000001 -0.8302464409425938
10.96 -0.8092843901053635
10.97 -0.9689933363809188
10.98 -0.9091544328485978
10.99 -0.802952386326166
11.0 -0.8240778336799509
11.01 -0.7759851437037928
11.02 -0.7563210168779881
11.03 -0.7778582346334736
11.040000000000001 -0.8419272919315476
11.05 -0.6990162204017183
11.06 -0.7188153999825591
11.07 -0.837892130312983
11.08 -0.7383220422097512
11.09 -0.6709965454752023
11.1 -0.9572984735605445
11.11 -0.8612240842626084
11.120000000000001 -0.9542135689430215
11.13 -0.9379251132500169
11.14 -0.8544696597610837
11.15 -0.6949624883720451
11.16 -0.6648991693389057
11.17 -0.9218200166036529
11.18 -0.8505654116375415
11.19 -0.6933195800502594
11.200000000000001 -0.9132021337947983
11.21 -0.9359847150096327
11.22 -0.7361657303947575
11.23 -0.9342144591554531
11.24 -0.6524564425522206
11.25 -0.7166551418336151
11.26 -0.7351742512430984
11.27 -0.7866118554296688
11.28 -0.6971088994018426
11.290000000000001 -0.7788536032977745
11.3 -0.6383431903795109
11.31 -0.7739246598988458
11.32 -0.6968673357639423
11.33 -0.9132627903906794
11.34 -0.7422452694600317
11.35 -0.6791204442597638
11.36 -0.6331629229775475
11.370000000000001 -0.890349539076708
11.38 -0.7561946478803018
11.39 -0.6100362925820282
11.4 -0.6444523796491145
11.41 -0.8450984137825228
11.42 -0.833642771296239
11.43 -0.617226620857251
11.44 -0.6057008628846114
11.450000000000001 -0.6061833119926043
11.46 -0.8680543341019827
11.47 -0.8376480311168996
11.48 -0.6251284761745295
11.49 -0.7467220708960871
11.5 -0.8054158222671051
11.51 -0.6279668380169594
11.52 -0.5718212418884218
11.53 -0.8106945247941771
11.540000000000001 -0.7385156020136424
11.55 -0.580370892360271
11.56 -0.5355689666624787
11.57 -0.7125675782604581
11.58 -0.7601785969099505
11.59 -0.6549330510542838
11.6 -0.5897475330924699
11.61 -0.6515190564146006
11.620000000000001 -0.6307661291337219
11.63 -0.5156992967175202
11.64 -0.560381272012815
11.65 -0.46825733108816925
11.66 -0.736278791882903
11.67 -0.767605141535881
11.68 -0.6182164525144231
11.69 -0.4512375165547524
11.700000000000001 -0.7616350731060163
11.71 -0.6970326945161656
11.72 -0.4806899636411977
11.73 -0.5118116923836136
11.74 -0.47678494601563504
11.75 -0.39810968741341207
11.76 -0.6429642959992239
11.77 -0.663287271204121
11.78 -0.5847626254286142
11.790000000000001 -0.38499965773783035
11.8 -0.5289467363727414
11.81 -0.6725844455318969
11.82 -0.6412866522650417
11.83 -0.46161102426332
11.84 -0.4677425014075066
11.85 -0.40600095977251044
11.86 -0.45100007915662177
11.870000000000001 -0.3440419797106822
11.88 -0.5083057676390837
11.89 -0.3596989130311345
11.9 -0.5480180634032383
11.91 -0.4247850774638817
11.92 -0.4484999982763579
11.93 -0.2759600771378518
11.94 -0.31568705839389405
11.950000000000001 -0.5043592164587898
11.96 -0.43340507749873824
11.97 -0.48534979227435787
11.98 -0.4869581279645854
11.99 -0.35064672208585157
12.0 -0.5133885399887821
12.01 -0.32205260904276856
12.02 -0.21136266832348383
12.030000000000001 -0.4428850077312189
12.040000000000001 -0.3880248327795743
12.05 -0.2193988364381575
12.06 -0.24519972876757304
12.07 -0.353704315449742
12.08 -0.43110053663831066
12.09 -0.1283022247585608
12.1 -0.12934616408343197
12.11 -0.23699115642834226
12.120000000000001 -0.29576440089455225
12.13 -0.19824882685182352
12.14 -0.12684690678732613
12.15 -0.18714800496570702
12.16 -0.3160549349722786
12.17 -0.21713608168926846
12.18 -0.33320397446503264
12.19 -0.18296133839424833
12.200000000000001 -0.1415681659646426
12.21 -0.31040703548076515
12.22 -0.07896500357193875
12.23 -0.0989427142999039
12.24 -0.1671477561498259
12.25 -0.00022606638832056714
12.26 -0.05541406949753133
12.27 -0.014398616513844387
12.280000000000001 -0.13452824711741054
12.290000000000001 0.02524109783406353
12.3 -0.04142980366778157
12.31 0.03583589543749499
12.32 -0.12565929685206678
12.33 -0.14948129234056678
12.34 0.027632350499756292
12.35 -0.21208323671475268
12.36 -0.0450308273331029
12.370000000000001 0.11979311929818398
12.38 -0.06397196787736023
12.39 0.11579007956202655
12.4 -0.1153501167880715
12.41 -0.01217071817906984
12.42 -0.012845350455860022
12.43 -0.056611958377856195
12.44 0.06750914372020642
12.450000000000001 0.15137478543482297
12.46 -0.02157576440258821
12.47 -0.002559129266556409
12.48 0.20911426628117152
12.49 0.1880001831038113
12.5 -0.010702347383912632
12.51 0.043853034553555985
12.52 0.03717891941544627
12.530000000000001 0.08128854333953237
12.540000000000001 0.10044811450292901
12.55 0.08348692553743625
12.56 0.0425932307204742
12.57 0.11551250314051122
12.58 0.09919347177260106
12.59 0.25972037536363685
12.6 0.2226141592234736
12.61 0.31167557822159186
12.620000000000001 0.1729289694551863
12.63 0.16108056413903601
12.64 0.2074056238748951
12.65 0.25802861015000444
12.66 0.24397053351684056
12.67 0.27391425339771225
12.68 0.3478647626917754
12.69 0.4486965551481441
12.700000000000001 0.19295799900265875
12.71 0.32286106476754195
12.72 0.3249238581890908
12.73 0.2085158370601112
12.74 0.4197317456133868
12.75 0.43681094720296665
12.76 0.2418824057945828
12.77 0.40975314656013
12.780000000000001 0.3524371984836883
12.790000000000001 0.3286031767456403
12.8 0.2720756064874656
12.81 0.3962396612665663
12.82 0.5551324003342181
12.83 0.5223635964981008
12.84 0.5192840033438841
12.85 0.3161505602525909
12.86 0.4977326951892066
12.870000000000001 0.3086306168509359
12.88 0.43903870297067654
12.89 0.42759246755967784
12.9 0.657970489115165
12.91 0.6690070255400151
12.92 0.6304067910603917
12.93 0.5048073800943259
12.94 0.3663297238707283
12.950000000000001 0.5414017450390698
12.96 0.6801976545962084
12.97 0.5681881878691921
12.98 0.500437651137824
12.99 0.4576649498174102
13.0 0.732663413859918
13.01 0.44324444103599736
13.02 0.5311584848172293
13.030000000000001 0.7756439292732185
13.040000000000001 0.497342126121247
13.05 0.6274266709625224
13.06 0.7867110856892736
13.07 0.5124837454307617
13.08 0.5287610789130462
13.09 0.5843662648965765
13.1 0.525619436182213
13.11 0.6335663509236701
13.120000000000001 0.7265729814027039
13.13 0.6282378537027666
13.14 0.5875665327995229
13.15 0.792426237955062
13.16 0.5710207092437626
13.17 0.8820471525615834
13.18 0.7831800935143325
13.19 0.5867812461171684
13.200000000000001 0.7909605089591872
13.21 0.9159067619451471
13.22 0.9141584883081273
13.23 0.7187188513375548
13.24 0.9336132711289462
13.25 0.9345367234188555
13.26 0.7274602479622255
13.27 0.7432420496280363
13.280000000000001 0.8026316856827594
13.290000000000001 0.6867771952302775
13.3 0.8737437004152324
13.31 0.9264475596095796
13.32 0.7745764811130037
13.33 0.744977726576526
13.34 0.9701571575688301
13.35 0.9495648438023809
13.36 1.0105456115246985
13.370000000000001 0.8879861897504603
13.38 0.9076021890976317
13.39 0.8858177050967141
13.4 0.7835335584052603
13.41 0.9680684219626114
13.42 0.9735080098061509
13.43 1.0185340958068991
13.44 1.0331670374664679
13.450000000000001 0.9434894672736317
13.46 0.8206798726905667
13.47 1.0592865008369057
13.48 0.8219035920147084
13.49 0.9805524479482952
13.5 0.8576932131518621
13.51 0.8259302858016792
13.52 1.0527130405571319
13.530000000000001 1.0320009580946248
13.540000000000001 0.9521460016834311
13.55 0.8814480575076798
13.56 0.9551868485676422
13.57 1.0498322551800832
13.58 0.9251627962855012
13.59 1.088895647131931
13.6 1.0835520862374295
13.61 1.1785737603859607
13.620000000000001 0.8904891458242205
13.63 1.1604813848505484
13.64 1.165099405694024
13.65 0.9764634800549029
13.66 1.0549805572158941
13.67 0.9452049439379807
13.68 1.0833041039263156
13.69 0.9949794299515237
13.700000000000001 1.166444875358441
13.71 1.2106795777875803
13.72 1.1752942648350255
13.73 1.1661967725287583
13.74 1.240136642234824
13.75 1.0217341735429168
13.76 1.058608824323906
13.77 0.948996994697094
13.780000000000001 1.0474767006021444
13.790000000000001 1.2383770323115741
13.8 1.048877079933187
13.81 1.191139212341431
13.82 1.0194516492538364
13.83 1.2080056266584642
13.84 0.9703857590117422
13.85 1.012576172108257
13.86 1.0198382608653438
13.870000000000001 1.0109771523953888
13.88 1.1769033304882077
13.89 0.9866736032340476
13.9 1.212200548025826
13.91 1.228645046106795
13.92 1.254917349403601
13.93 1.2491789665619544
13.94 1.2118456501603307
13.950000000000001 1.2943095417444945
13.96 1.287295994581189
13.97 1.1185771357206789
13.98 1.31085389084955
13.99 1.020141198955351
14.0 1.0124859082455298
14.01 1.2400994541634478
14.02 1.2515096307668965
14.030000000000001 1.2695900521057093
14.040000000000001 1.3111961955064437
14.05 1.0305269765234237
14.06 1.0862190319972134
14.07 1.0421128403109081
14.08 1.2416557727604043
14.09 1.0640473406076565
14.1 1.254163350001461
14.11 1.2175505500206292
14.120000000000001 1.1804582296644135
14.13 1.2020303583080532
14.14 1.2914924754522343
14.15 1.214261355269522
14.16 1.3048320874964277
14.17 1.2957312267882704
14.18 1.1172747837873485
14.19 1.0868451684038474
14.200000000000001 1.2365550439687805
14.21 1.28089586757612
14.22 1.054556096540463
14.23 1.2423029943852288
14.24 1.3093594489557758
14.25 1.1413612256564059
14.26 1.1430972885777557
14.27 1.2476260315886352
14.280000000000001 1.2578070611429752
14.290000000000001 1.213958653479529
14.3 1.1228182998300074
14.31 0.9928259353024612
14.32 1.0193910574233411
14.33 1.0976671260123236
14.34 1.1657072848047887
14.35 1.220032035684762
14.36 1.1790781125770375
14.370000000000001 1.271323593464683
14.38 1.167640382761305
14.39 1.1072364235889522
14.4 1.0828033902261391
14.41 1.1843716434600478
14.42 1.2039017026306045
14.43 1.0826585794338452
14.44 1.0433310091417927
14.450000000000001 1.2778435850210617
14.46 1.0817030917351613
14.47 1.1478585727555153
14.48 1.245673815497374
14.49 0.9877413587303012
14.5 1.114924263364421
14.51 1.1445882508005842
14.52 1.0285826610821993
14.530000000000001 1.1326286444728653
14.540000000000001 1.2023285126771683
14.55 1.1765072247368211
14.56 1.1235212277355489
14.57 1.0953703864374085
14.58 0.9962766541648824
14.59 1.0511351332935934
14.6 0.9090283704734475
14.61 1.1280338319226164
14.620000000000001 0.9368947970780737
14.63 1.0609477100222988
14.64 0.9400966794559672
14.65 0.9419333676352538
14.66 1.1195044880822673
14.67 1.081860253769396
14.68 1.0697641976611763
14.69 0.8928109813956461
14.700000000000001 1.1504164377890262
14.71 1.124766060258298
14.72 0.9709857979054448
14.73 1.003913089719934
14.74 1.128894884449223
14.75 0.8396158393635058
14.76 0.8821560846524948
14.77 0.8668722890387051
14.780000000000001 1.0381638710193715
14.790000000000001 0.9797958338275091
14.8 0.9937015064717757
14.81 0.7891294786402757
14.82 0.8561421769125567
14.83 0.8988943371848546
14.84 1.0201498497856403
14.85 1.0208844493976503
14.86 0.8621669196920124
14.870000000000001 0.938227127758991
14.88 0.971348540454954
14.89 0.8907742246455562
14.9 0.9007351451737755
14.91 0.991739642179063
14.92 0.776131115977367
14.93 0.9556330278535813
14.94 0.9997320793355042
14.950000000000001 0.9134531754817828
14.96 0.7590525438984908
14.97 0.9822284631739546
14.98 0.7219286138004348
14.99 0.6849753385942862
15.0 0.7327072782735204
15.01 0.7432117159208709
15.02 0.6410063555203767
15.030000000000001 0.9427394017248525
15.040000000000001 0.8909846713687705
15.05 0.9319418899138601
15.06 0.7428227532483801
15.07 0.628736614893224
15.08 0.9039122273105471
15.09 0.5811275128172468
15.1 0.5962378300938664
15.11 0.6235615611397776
15.120000000000001 0.7099020028696394
15.13 0.6467634934908304
15.14 0.7185297269651866
15.15 0.759198037887705
15.16 0.7394644557233886
15.17 0.7057960395031717
15.18 0.6891082805513943
15.19 0.7146201621823781
15.200000000000001 0.5700014607353422
15.21 0.5726131277940805
15.22 0.5546298072129533
15.23 0.6254501282070444
15.24 0.5276975736923529
15.25 0.7490712108843481
15.26 0.7013116219335663
15.27 0.5888971441647621
15.280000000000001 0.6080029750389963
15.290000000000001 0.5982615983850151
15.3 0.5682660394685461
15.31 0.47802675857357335
15.32 0.43445927635429626
15.33 0.6537227993274723
15.34 0.39531347088637325
15.35 0.47243966812294313
15.36 0.5043629231199229
15.370000000000001 0.5488232654870822
15.38 0.4091117399848593
15.39 0.3779257488711931
15.4 0.616187026321462
15.41 0.4919719559499679
15.42 0.33368310695287223
15.43 0.6031319632782386
15.44 0.5067877325789889
15.450000000000001 0.3079983070495237
15.46 0.4227698126078453
15.47 0.3579286622415473
15.48 0.3805238054734664
15.49 0.4660718988785588
15.5 0.21646963062746377
15.51 0.39858202104672247
15.52 0.3394544893588956
15.530000000000001 0.4213700400759176
15.540000000000001 0.3320441338934328
15.55 0.42792409166239476
15.56 0.2034656063129973
15.57 0.29630989220384824
15.58 0.4088226410843021
15.59 0.24632635680295237
15.6 0.2333069570175663
15.610000000000001 0.14765751946254346
15.620000000000001 0.1506658260105681
15.63 0.25269369747101644
15.64 0.21896566901276868
15.65 0.07432079428353698
15.66 0.33343511728838365
15.67 0.04641468527126388
15.68 0.15010637648138764
15.69 0.04361753633477043
15.700000000000001 0.2123751610123336
15.71 0.08620251448069471
15.72 0.2919811991568707
15.73 0.24191842213560155
15.74 0.23583492670159023
15.75 0.2627203340756738
15.76 0.2214746629702316
15.77 0.014154998520025865
15.780000000000001 0.18395906522608008
15.790000000000001 0.0719588009193717
15.8 0.1896323022730742
15.81 0.039561812048641926
15.82 -0.10467493486261173
15.83 0.18120748068976072
15.84 0.062390002368235414
15.85 0.053618961777456564
15.860000000000001 -0.11800377431895118
15.870000000000001 -0.056163161159629396
15.88 -0.09862297052806156
15.89 0.0372009966524085
15.9 0.09094443321629747
15.91 0.01700463617656764
15.92 0.0440461759879065
15.93 -0.17726997283193935
15.94 -0.22409316164286902
15.950000000000001 -0.17575284422497067
15.96 -0.24078259127741827
15.97 0.006789506803290657
15.98 -0.1762178158602895
15.99 -0.2701273314442326
16.0 -0.2717715680786887
16.01 -0.10530413470539207
16.02 -0.14099096944919215
16.03 -0.11707520398232374
16.04 -0.16269441116092379
16.05 -0.22334654759592504
16.06 -0.29212280869084917
16.07 -0.10527298150767847
16.080000000000002 -0.11476812071282766
16.09 -0.04002251412625518
16.1 -0.21123812564383262
16.11 -0.35289259768087794
16.12 -0.34486587530749224
16.13 -0.2061943420849258
16.14 -0.21992412111516582
16.15 -0.3879385779210491
16.16 -0.40797860799444596
16.17 -0.13890796766944818
16.18 -0.20937131751427301
16.19 -0.45902641061230054
16.2 -0.15691211106382008
16.21 -0.30455619969156345
16.22 -0.3103477938399699
16.23 -0.42452796927837744
16.240000000000002 -0.39386267279278125
16.25 -0.46651460842665066
16.26 -0.25817496564213993
16.27 -0.3336975190876682
16.28 -0.32402445886940856
16.29 -0.24281461715796648
16.3 -0.4928278438934481
16.31 -0.46808310610384635
16.32 -0.443661002930407
16.330000000000002 -0.3698575616738169
16.34 -0.3302080032876586
16.35 -0.3842770930947276
16.36 -0.48634725944727525
16.37 -0.5157039878529621
16.38 -0.4346156707340326
16.39 -0.48031429396228476
16.4 -0.3310151083188782
16.41 -0.44785941939633056
16.42 -0.6241998370171884
16.43 -0.3636787008893213
16.44 -0.5704835921716616
16.45 -0.6226110330276807
16.46 -0.545954653809922
16.47 -0.6456323794171029
16.48 -0.412934866098109
16.490000000000002 -0.6567234632102865
16.5 -0.67173052386168
16.51 -0.6161944522714773
16.52 -0.6415029736682217
16.53 -0.5361997499046223
16.54 -0.6171152957403531
16.55 -0.6136764756321895
16.56 -0.7329402482448231
16.57 -0.529436792838074
16.580000000000002 -0.5019971498680167
16.59 -0.501329988277496
16.6 -0.48752160978271386
16.61 -0.5320006753640276
16.62 -0.5995224406043881
16.63 -0.7405782842487812
16.64 -0.6484286111454457
16.65 -0.785526166142571
16.66 -0.6914312170262906
16.67 -0.7511483285472483
16.68 -0.7649771658336844
16.69 -0.6330917063087927
16.7 -0.7762330641744346
16.71 -0.6903013169187584
16.72 -0.5887985675449889
16.73 -0.5858177636566633
16.740000000000002 -0.6229222378066237
16.75 -0.7391550544559022
16.76 -0.6853820209115185
16.77 -0.8076343358933753
16.78 -0.797226414241339
16.79 -0.7728526877019769
16.8 -0.5554967355669838
16.81 -0.7902315007298264
16.82 -0.5873005068853432
16.830000000000002 -0.6470545940636465
16.84 -0.8313693085671403
16.85 -0.8387140662390111
16.86 -0.5830780021580262
16.87 -0.8391375925146495
16.88 -0.9082470164667948
16.89 -0.7917549740432248
16.9 -0.7130933131831263
16.91 -0.8394014422760626
16.92 -0.7343122687638906
16.93 -0.7451254484193807
16.94 -0.7459707790724414
16.95 -0.9210678564328574
16.96 -0.9194956458699867
16.97 -0.8932913207057629
16.98 -0.8729113174108752
16.990000000000002 -0.8379681003730963
17.0 -0.7075490262305619
17.01 -0.6382658896577525
17.02 -0.9499732152991162
17.03 -0.9012204001698146
17.04 -0.8127575080826789
17.05 -0.8447959270848936
17.06 -0.9222837486114401
17.07 -0.7556343858970677
17.080000000000002 -0.8328100223271354
17.09 -0.9527936724568822
17.1 -0.6641876363121509
17.11 -0.7008901018134235
17.12 -0.6731422374792069
17.13 -0.854821298840124
17.14 -0.9686098822738678
17.150000000000002 -0.8568483848076728
17.16 -0.8332509681424841
17.17 -0.7851262933274805
17.18 -0.799354606192825
17.19 -0.7133115385505566
17.2 -0.8340422188162778
17.21 -0.8857076391583877
17.22 -0.6797096826315725
17.23 -0.8096638928036245
17.240000000000002 -0.711524689695409
17.25 -0.9359648021085021
17.26 -0.9123750132935318
17.27 -0.8855266618332887
17.28 -0.897123352458037
17.29 -0.8092965746084354
17.3 -0.8054208956767092
17.31 -0.9249663315545844
17.32 -0.8008247680665725
17.330000000000002 -0.7820075373451865
17.34 -0.9803102606621701
17.35 -0.866750573850512
17.36 -0.9785279559917364
17.37 -0.705817102217283
17.38 -0.8240980152198344
17.39 -0.6954627380989067
17.400000000000002 -0.935092668687675
17.41 -0.7199605757680831
17.42 -0.8013041777988964
17.43 -0.9578176454385614
17.44 -0.9612863320166083
17.45 -0.6748089000058701
17.46 -0.913427345791786
17.47 -0.6711224503342181
17.48 -0.6469842424431855
17.490000000000002 -0.715046123036436
17.5 -0.6585284965327894
17.51 -0.714201411577083
17.52 -0.6523457569883211
17.53 -0.8322004130192491
17.54 -0.8325593205987376
17.55 -0.9182051173837931
17.56 -0.9015852238129609
17.57 -0.6435054169479828
17.580000000000002 -0.7058881291089056
17.59 -0.9499608308779779
17.6 -0.8476904454195743
17.61 -0.6600478578837268
17.62 -0.7892869305588279
17.63 -0.9356570248239495
17.64 -0.7206991114638462
17.650000000000002 -0.8483164117622308
17.66 -0.8781938147805116
17.67 -0.7631019044438311
17.68 -0.8954038256914161
17.69 -0.8597045553796657
17.7 -0.6323621604589476
17.71 -0.7234520847066213
17.72 -0.683680165680955
17.73 -0.8406178012111818
17.740000000000002 -0.7172714119895772
17.75 -0.6798034023120142
17.76 -0.6051460744375976
17.77 -0.738723542237969
17.78 -0.567283540411418
17.79 -0.7825969623390014
17.8 -0.6243997478541319
17.81 -0.6353842490339909
17.82 -0.7858656086674868
17.830000000000002 -0.7650590389645631
17.84 -0.7677740146533566
17.85 -0.8000133438391301
17.86 -0.5454941393512792
17.87 -0.5678646897768393
17.88 -0.6240926478405774
17.89 -0.5039220504028845
17.900000000000002 -0.6058285267571192
17.91 -0.6013614781610399
17.92 -0.7704371200543153
17.93 -0.743022162457755
17.94 -0.4788898096988756
17.95 -0.46635471042809207
17.96 -0.47169542100857703
17.97 -0.7553630142410636
17.98 -0.46757131974096244
17.990000000000002 -0.6511277040766991
18.0 -0.4854651458787489
18.01 -0.5848941292179526
18.02 -0.6192170212523049
18.03 -0.5250771975452247
18.04 -0.489046125640451
18.05 -0.6610798332037716
18.06 -0.41261068207098206
18.07 -0.588802717490594
18.080000000000002 -0.42398836173562005
18.09 -0.5178725568899819
18.1 -0.4654670448733461
18.11 -0.3750255676325957
18.12 -0.592877749402666
18.13 -0.36026858163811015
18.14 -0.3716382092844606
18.150000000000002 -0.398795223543865
18.16 -0.3921212815562183
18.17 -0.3125459089268488
18.18 -0.5742827900466042
18.19 -0.3510680928775509
18.2 -0.3464888712115545
18.21 -0.44311019440094435
18.22 -0.5636230408416163
18.23 -0.424044939168267
18.240000000000002 -0.438068709497649
18.25 -0.2987827845727716
18.26 -0.4910853994221414
18.27 -0.357876849992271
18.28 -0.4246056646404895
18.29 -0.5052818715173371
18.3 -0.34243819906867556
18.31 -0.4659058273300806
18.32 -0.3861006209010121
18.330000000000002 -0.22822712904121384
18.34 -0.20834521322417388
18.35 -0.3288937978708343
18.36 -0.23637357026879954
18.37 -0.2063709722491529
18.38 -0.3377216455905407
18.39 -0.4101086836002451
18.400000000000002 -0.33235313630797775
18.41 -0.37217654465005817
18.42 -0.3949738716801267
18.43 -0.3995758583730844
18.44 -0.17553112987836755
18.45 -0.3484114742406403
18.46 -0.23352342866163978
18.47 -0.32689632950816855
18.48 -0.10506895376514219
18.490000000000002 -0.0865926732030588
18.5 -0.3080886509599579
18.51 -0.014037436971950867
18.52 -0.2357538799569714
18.53 -0.2220327144422874
18.54 -0.04758078276981015
18.55 -0.09035068153924009
18.56 -0.26737573799959297
18.57 0.01797194787412132
18.580000000000002 0.03435861772973797
18.59 -0.06238715558587429
18.6 -0.17227483572751567
18.61 -0.21030876801527582
18.62 -0.0005472383709682616
18.63 0.02811508431655743
18.64 0.009597466450688541
18.650000000000002 -0.0681558622698046
18.66 -0.006985595836269759
18.67 0.086697860814867
18.68 0.10030470519684889
18.69 -0.004055120854252026
18.7 -0.10822278700791221
18.71 0.16724310909195253
18.72 0.15755447052859264
18.73 -0.07584964695070281
18.740000000000002 -0.06913754718235635
18.75 0.14908490340095754
18.76 0.024591047416390274
18.77 0.09728890330383208
18.78 0.08489417462342956
18.79 0.25769447963991815
18.8 0.1725843080971264
18.81 0.165199721866987
18.82 -0.0006327803327937781
18.830000000000002 0.11937194642852064
18.84 0.2569770539220811
18.85 0.29267996232439936
18.86 0.2693158251084713
18.87 0.19985292933427284
18.88 0.047073961588002936
18.89 0.18744967001709642
18.900000000000002 0.3466777242826153
18.91 0.3510693672327031
18.92 0.18341675473091346
18.93 0.3844086290463992
18.94 0.37836026210562473
18.95 0.33326952349460554
18.96 0.2245652643540636
18.97 0.3673133921716825
18.98 0.2549318653004874
18.990000000000002 0.26524692712593134
19.0 0.3920199883974593
19.01 0.4420538802949535
19.02 0.41856991870180354
19.03 0.49951604832539126
19.04 0.22667739446178858
19.05 0.32149059590768386
19.06 0.302064252227585
19.07 0.29125420345650327
19.080000000000002 0.4427229286265387
19.09 0.4286840013047145
19.1 0.42073346212076435
19.11 0.37387753479939695
19.12 0.410100561778164
19.13 0.6091559196655281
19.14 0.5151484595630949
19.150000000000002 0.4796589451780513
19.16 0.5119771807148246
19.17 0.37693700173330513
19.18 0.4229875337073166
19.19 0.4635327142959933
19.2 0.5175205604637414
19.21 0.5886897629453692
19.22 0.40362453696812356
19.23 0.651716012737221
19.240000000000002 0.4689372453620221
19.25 0.5284511861392457
19.26 0.5923857190743468
19.27 0.7187195824988093
19.28 0.6535949390539136
19.29 0.6786182922637685
19.3 0.7407647216658013
19.31 0.5742053289476271
19.32 0.46974937059785865
19.330000000000002 0.6414184665998638
19.34 0.649401164077865
19.35 0.7595026742963269
19.36 0.7881523842651589
19.37 0.6211327322133646
19.38 0.7340265523940993
19.39 0.8044200371423916
19.400000000000002 0.7601343814219651
19.41 0.7096611706450432
19.42 0.8039023345516045
19.43 0.5973703748519168
19.44 0.7214214310987428
19.45 0.6019419041505432
19.46 0.7206248490054948
19.47 0.8352679440998363
19.48 0.7536503501492293
19.490000000000002 0.8862832240801621
19.5 0.7453273699916505
19.51 0.8609171054863113
19.52 0.821098345518846
19.53 0.7564218568859481
19.54 0.8772923963868521
19.55 0.7130234383554218
19.56 0.8381040042091289
19.57 0.8140597527230848
19.580000000000002 0.9529921886665322
19.59 0.9153991216008784
19.6 0.9557635889588991
19.61 0.768740696818895
19.62 0.9556977608507138
19.63 0.8526033741216472
19.64 0.9994488075811769
19.650000000000002 0.7187744072659954
19.66 0.8228762323910062
19.67 0.7494866696240632
19.68 0.8852004021343314
19.69 0.8948159693652289
19.7 0.7747151443394006
19.71 0.9673175740259695
19.72 0.8763543011785921
19.73 0.9278306938608779
19.740000000000002 0.9228324733865002
19.75 0.9774372288909999
19.76 0.934429394409538
19.77 0.8059048117261615
19.78 0.8700126933366169
19.79 1.077322956992915
19.8 1.0827857016339042
19.81 0.9730861033899728
19.82 1.0047654692401862
19.830000000000002 0.8891691195004534
19.84 1.1584150599668086
19.85 0.9769427864879084
19.86 0.9897363356506153
19.87 0.9997939383406457
19.88 1.1864573124780415
19.89 1.1703548015697827
19.900000000000002 0.9650174620676837
19.91 1.2037767471619478
19.92 1.0254207850583972
19.93 0.9912598298795156
19.94 1.0439968808035076
19.95 1.2223754774992113
19.96 0.9668260341303951
19.97 1.1036717157023088
19.98 1.1993624928522353
19.990000000000002 0.9539179916947526
