0.0 0.0
0.01 0.009999833334166664
0.02 0.01999866669333308
0.03 0.02999550020249566
0.04 0.03998933418663416
0.05 0.04997916927067833
0.06 0.059964006479444595
0.07 0.06994284733753277
0.08 0.0799146939691727
0.09 0.08987854919801104
0.1 0.09983341664682815
0.11 0.10977830083717481
0.12 0.11971220728891936
0.13 0.12963414261969486
0.14 0.1395431146442365
0.15 0.14943813247359922
0.16 0.15931820661424598
0.17 0.16918234906699603
0.18 0.17902957342582418
0.19 0.18885889497650057
0.2 0.19866933079506122
0.21 0.20845989984609956
0.22 0.21822962308086932
0.23 0.2279775235351884
0.24 0.23770262642713458
0.25 0.24740395925452294
0.26 0.2570805518921551
0.27 0.26673143668883115
0.28 0.27635564856411376
0.29 0.28595222510483553
0.3 0.29552020666133955
0.31 0.3050586364434435
0.32 0.31456656061611776
0.33 0.32404302839486837
0.34 0.3334870921408144
0.35000000000000003 0.3428978074554514
0.36 0.35227423327508994
0.37 0.361615431964962
0.38 0.3709204694129827
0.39 0.3801884151231614
0.4 0.3894183423086505
0.41000000000000003 0.39860932798442295
0.42 0.40776045305957015
0.43 0.41687080242921076
0.44 0.4259394650659996
0.45 0.43496553411123023
0.46 0.4439481069655198
0.47000000000000003 0.45288628537906833
0.48 0.4617791755414829
0.49 0.470625888171158
0.5 0.479425538604203
0.51 0.4881772468829075
0.52 0.49688013784373675
0.53 0.5055333412048469
0.54 0.5141359916531132
0.55 0.5226872289306592
0.56 0.5311861979208834
0.5700000000000001 0.5396320487339693
0.58 0.5480239367918736
0.59 0.5563610229127838
0.6 0.5646424733950354
0.61 0.5728674601004813
0.62 0.5810351605373051
0.63 0.5891447579422695
0.64 0.5971954413623921
0.65 0.6051864057360395
0.66 0.6131168519734338
0.67 0.6209859870365597
0.68 0.6287930240184686
0.6900000000000001 0.636537182221968
0.7000000000000001 0.6442176872376911
0.71 0.6518337710215366
0.72 0.6593846719714731
0.73 0.6668696350036979
0.74 0.674287911628145
0.75 0.6816387600233341
0.76 0.6889214451105513
0.77 0.6961352386273567
0.78 0.7032794192004101
0.79 0.7103532724176078
0.8 0.7173560908995228
0.81 0.7242871743701426
0.8200000000000001 0.7311458297268959
0.8300000000000001 0.7379313711099628
0.84 0.7446431199708593
0.85 0.7512804051402927
0.86 0.757842562895277
0.87 0.7643289370255051
0.88 0.7707388788989693
0.89 0.7770717475268238
0.9 0.7833269096274834
0.91 0.7895037396899505
0.92 0.795601620036366
0.93 0.8016199408837772
0.9400000000000001 0.8075581004051143
0.9500000000000001 0.8134155047893737
0.96 0.8191915683009983
0.97 0.8248857133384501
0.98 0.8304973704919705
0.99 0.8360259786005205
1.0 0.8414709848078965
1.01 0.8468318446180152
1.02 0.852108021949363
1.03 0.8572989891886034
1.04 0.8624042272433384
1.05 0.867423225594017
1.06 0.8723554823449863
1.07 0.8772005042746817
1.08 0.8819578068849475
1.09 0.8866269144494873
1.1 0.8912073600614354
1.11 0.8956986856800476
1.12 0.9001004421765051
1.1300000000000001 0.904412189378826
1.1400000000000001 0.9086334961158833
1.1500000000000001 0.9127639402605211
1.16 0.9168031087717669
1.17 0.9207505977361357
1.18 0.9246060124080203
1.19 0.9283689672491666
1.2 0.9320390859672263
1.21 0.9356160015533859
1.22 0.9390993563190676
1.23 0.9424888019316975
1.24 0.945783999449539
1.25 0.9489846193555862
1.26 0.9520903415905158
1.27 0.9551008555846923
1.28 0.9580158602892249
1.29 0.9608350642060727
1.3 0.963558185417193
1.31 0.966184951612734
1.32 0.9687151001182652
1.33 0.9711483779210446
1.34 0.9734845416953194
1.35 0.9757233578266591
1.36 0.9778646024353163
1.37 0.9799080613986142
1.3800000000000001 0.9818535303723598
1.3900000000000001 0.9837008148112766
1.4000000000000001 0.9854497299884603
1.41 0.9871001010138504
1.42 0.9886517628517197
1.43 0.9901045603371778
1.44 0.9914583481916864
1.45 0.9927129910375885
1.46 0.9938683634116449
1.47 0.9949243497775809
1.48 0.99588084453764
1.49 0.9967377520431434
1.5 0.9974949866040544
1.51 0.9981524724975481
1.52 0.998710143975583
1.53 0.999167945271476
1.54 0.9995258306054791
1.55 0.999783764189357
1.56 0.9999417202299663
1.57 0.9999996829318346
1.58 0.9999576464987401
1.59 0.9998156151342908
1.6 0.9995736030415051
1.61 0.9992316344213905
1.62 0.998789743470524
1.6300000000000001 0.9982479743776325
1.6400000000000001 0.9976063813191737
1.6500000000000001 0.9968650284539189
1.6600000000000001 0.9960239899165367
1.67 0.9950833498101802
1.68 0.994043202198076
1.69 0.9929036510941185
1.7 0.9916648104524686
1.71 0.990326804156158
1.72 0.9888897660047015
1.73 0.9873538397007164
1.74 0.9857191788355535
1.75 0.9839859468739369
1.76 0.9821543171376185
1.77 0.9802244727880455
1.78 0.9781966068080447
1.79 0.9760709219825242
1.8 0.9738476308781951
1.81 0.9715269558223153
1.82 0.9691091288804563
1.83 0.9665943918332975
1.84 0.9639829961524481
1.85 0.9612752029752999
1.86 0.9584712830789142
1.87 0.955571516852944
1.8800000000000001 0.9525761942715953
1.8900000000000001 0.9494856148646305
1.9000000000000001 0.9463000876874145
1.9100000000000001 0.9430199312900105
1.92 0.9396454736853249
1.93 0.9361770523163061
1.94 0.9326150140222005
1.95 0.9289597150038693
1.96 0.9252115207881683
1.97 0.9213708061913954
1.98 0.9174379552818098
1.99 0.9134133613412252
2.0 0.9092974268256817
2.0100000000000002 0.9050905633252009
2.02 0.9007931915226273
2.0300000000000002 0.8964057411515598
2.04 0.8919286509533796
2.05 0.8873623686333755
2.06 0.8827073508159741
2.07 0.8779640629990781
2.08 0.8731329795075164
2.09 0.8682145834456126
2.1 0.8632093666488737
2.11 0.8581178296348089
2.12 0.8529404815528762
2.13 0.8476778401335698
2.14 0.8423304316366457
2.15 0.8368987907984977
2.16 0.8313834607786831
2.17 0.825784993105608
2.18 0.8201039476213742
2.19 0.814340892425796
2.2 0.8084964038195901
2.21 0.8025710662467472
2.22 0.7965654722360865
2.23 0.7904802223420048
2.24 0.7843159250844198
2.25 0.7780731968879212
2.2600000000000002 0.7717526620201257
2.27 0.7653549525292536
2.2800000000000002 0.7588807081809218
2.29 0.7523305763941707
2.3000000000000003 0.74570521217672
2.31 0.7390052780594708
2.32 0.7322314440302514
2.33 0.7253843874668195
2.34 0.7184647930691263
2.35 0.7114733527908443
2.36 0.7044107657701763
2.37 0.6972777382599378
2.38 0.6900749835569364
2.39 0.6828032219306397
2.4 0.675463180551151
2.41 0.668055593416491
2.42 0.6605812012792007
2.43 0.6530407515722648
2.44 0.6454349983343707
2.45 0.6377647021345036
2.46 0.6300306299958922
2.47 0.6222335553193047
2.48 0.6143742578057118
2.49 0.6064535233783147
2.5 0.5984721441039565
2.5100000000000002 0.5904309181139127
2.52 0.5823306495240819
2.5300000000000002 0.5741721483545723
2.54 0.5659562304487028
2.5500000000000003 0.5576837173914166
2.56 0.5493554364271266
2.57 0.5409722203769886
2.58 0.5325349075556212
2.59 0.5240443416872761
2.6 0.5155013718214642
2.61 0.5069068522480534
2.62 0.49826164241183857
2.63 0.4895666068265995
2.64 0.48082261498864826
2.65 0.47203054128988264
2.66 0.4631912649303452
2.67 0.45430566983030646
2.68 0.44537464454187115
2.69 0.4363990821601263
2.7 0.4273798802338298
2.71 0.418317940675659
2.72 0.4092141696720173
2.73 0.4000694775924195
2.74 0.3908847788984522
2.75 0.38166099205233167
2.7600000000000002 0.3723990394250553
2.77 0.3630998472041683
2.7800000000000002 0.3537643453011427
2.79 0.34439346725839
2.8000000000000003 0.33498815015590466
2.81 0.32554933451756
2.82 0.3160779642170538
2.83 0.30657498638352293
2.84 0.2970413513068324
2.85 0.2874780123425444
2.86 0.2778859258165868
2.87 0.2682660509296179
2.88 0.25861934966111083
2.89 0.24894678667315256
2.9 0.23924932921398243
2.91 0.2295279470212642
2.92 0.21978361222511694
2.93 0.21001729925089915
2.94 0.20022998472177053
2.95 0.19042264736102704
2.96 0.18059626789423291
2.97 0.17075182895114532
2.98 0.16089031496745576
2.99 0.15101271208634384
3.0 0.1411200080598672
3.0100000000000002 0.1312131921501838
3.02 0.12129325503062975
3.0300000000000002 0.11136118868664958
3.04 0.10141798631660186
3.0500000000000003 0.09146464223243675
3.06 0.08150215176026912
3.0700000000000003 0.07153151114084326
3.08 0.06155371742991315
3.09 0.05156976839853464
3.1 0.04158066243329049
3.11 0.031587398436453896
3.12 0.02159097572609596
3.13 0.011592393936158275
3.14 0.0015926529164868282
3.15 -0.008407247367148618
3.16 -0.01840630693305381
3.17 -0.02840352588360379
3.18 -0.03839790450523538
3.19 -0.04838844336841415
3.2 -0.058374143427580086
3.21 -0.06835400612104778
3.22 -0.0783270334708653
3.23 -0.0882922281826076
3.24 -0.09824859374510868
3.25 -0.10819513453010837
3.2600000000000002 -0.11813085589181781
3.27 -0.12805476426637968
3.2800000000000002 -0.13796586727122728
3.29 -0.14786317380431852
3.3000000000000003 -0.15774569414324865
3.31 -0.16761244004421832
3.3200000000000003 -0.17746242484086058
3.33 -0.18729466354290317
3.34 -0.19710817293466984
3.35 -0.20690197167339977
3.36 -0.21667508038737962
3.37 -0.22642652177388314
3.38 -0.236155320696897
3.39 -0.24586050428463702
3.4 -0.2555411020268312
3.41 -0.26519614587177337
3.42 -0.274824670323124
3.43 -0.28442571253646254
3.44 -0.2939983124155676
3.45 -0.30354151270842933
3.46 -0.3130543591029702
3.47 -0.322535900322479
3.48 -0.3319851882207341
3.49 -0.34140127787682095
3.5 -0.35078322768961984
3.5100000000000002 -0.36013009947196856
3.52 -0.3694409585444771
3.5300000000000002 -0.37871487382899804
3.54 -0.3879509179417303
3.5500000000000003 -0.3971481672859602
3.56 -0.4063057021444168
3.5700000000000003 -0.41542260677124626
3.58 -0.4244979694835826
3.59 -0.43353088275271773
3.6 -0.44252044329485246
3.61 -0.45146575216142315
3.62 -0.4603659148289983
3.63 -0.46922004128872713
3.64 -0.47802724613534286
3.65 -0.48678664865569937
3.66 -0.4954973729168449
3.67 -0.5041585478536115
3.68 -0.5127693073557238
3.69 -0.5213287903544065
3.7 -0.5298361409084934
3.71 -0.5382905082900177
3.72 -0.5466910470692872
3.73 -0.5550369171994238
3.74 -0.56332728410037
3.75 -0.5715613187423437
3.7600000000000002 -0.5797381977287431
3.77 -0.5878571033784827
3.7800000000000002 -0.5959172238077642
3.79 -0.6039177530112606
3.8000000000000003 -0.6118578909427193
3.81 -0.6197368435949633
3.8200000000000003 -0.6275538230792936
3.83 -0.6353080477042756
3.84 -0.6429987420539088
3.85 -0.6506251370651673
3.86 -0.6581864701049049
3.87 -0.6656819850461192
3.88 -0.6731109323435617
3.89 -0.680472569108694
3.9 -0.6877661591839738
3.91 -0.694990973216472
3.92 -0.7021462887308054
3.93 -0.7092313902013861
3.94 -0.7162455691239705
3.95 -0.7231881240865121
3.96 -0.7300583608392995
3.97 -0.7368555923643834
3.98 -0.7435791389442746
3.99 -0.750228328229919
4.0 -0.7568024953079282
4.01 -0.7633009827670734
4.0200000000000005 -0.7697231407640244
4.03 -0.7760683270883323
4.04 -0.7823359072266528
4.05 -0.788525254426195
4.0600000000000005 -0.7946357497573974
4.07 -0.8006667821758177
4.08 -0.8066177485832405
4.09 -0.8124880538879843
4.1 -0.8182771110644103
4.11 -0.8239843412116258
4.12 -0.8296091736113709
4.13 -0.8351510457850935
4.14 -0.8406094035501945
4.15 -0.8459837010754465
4.16 -0.8512734009355745
4.17 -0.8564779741650012
4.18 -0.8615969003107405
4.19 -0.8666296674844443
4.2 -0.8715757724135882
4.21 -0.8764347204918014
4.22 -0.8812060258283253
4.23 -0.8858892112966027
4.24 -0.8904838085819885
4.25 -0.8949893582285835
4.26 -0.8994054096851777
4.2700000000000005 -0.9037315213503057
4.28 -0.9079672606164054
4.29 -0.9121122039130803
4.3 -0.9161659367494549
4.3100000000000005 -0.920128053755624
4.32 -0.9239981587231879
4.33 -0.9277758646448755
4.34 -0.9314607937532425
4.3500000000000005 -0.9350525775584494
4.36 -0.9385508568851079
4.37 -0.941955281908201
4.38 -0.9452655121880633
4.39 -0.9484812167044256
4.4 -0.951602073889516
4.41 -0.9546277716602164
4.42 -0.9575580074492711
4.43 -0.9603924882355434
4.44 -0.9631309305733167
4.45 -0.9657730606206388
4.46 -0.9683186141667072
4.47 -0.9707673366582883
4.48 -0.9731189832251739
4.49 -0.9753733187046665
4.5 -0.977530117665097
4.51 -0.9795891644283669
4.5200000000000005 -0.9815502530915156
4.53 -0.9834131875473108
4.54 -0.9851777815038595
4.55 -0.9868438585032365
4.5600000000000005 -0.9884112519391306
4.57 -0.9898798050735039
4.58 -0.991249371052267
4.59 -0.9925198129199632
4.6000000000000005 -0.9936910036334645
4.61 -0.9947628260746756
4.62 -0.9957351730622453
4.63 -0.9966079473622855
4.64 -0.9973810616980933
4.65 -0.9980544387588794
4.66 -0.9986280112074989
4.67 -0.9991017216871848
4.68 -0.999475522827284
4.69 -0.999749377247994
4.7 -0.9999232575641008
4.71 -0.999997146387718
4.72 -0.9999710363300245
4.73 -0.9998449300020044
4.74 -0.9996188400141854
4.75 -0.999292788975378
4.76 -0.9988668094904142
4.7700000000000005 -0.9983409441568876
4.78 -0.9977152455608933
4.79 -0.9969897762717695
4.8 -0.9961646088358407
4.8100000000000005 -0.9952398257691626
4.82 -0.9942155195492713
4.83 -0.9930917926059354
4.84 -0.9918687573109126
4.8500000000000005 -0.9905465359667132
4.86 -0.9891252607943698
4.87 -0.9876050739202153
4.88 -0.9859861273616704
4.89 -0.9842685830120416
4.9 -0.9824526126243325
4.91 -0.9805383977940689
4.92 -0.9785261299411385
4.93 -0.9764160102906497
4.94 -0.9742082498528091
4.95 -0.9719030694018208
4.96 -0.9695006994538088
4.97 -0.967001380243766
4.98 -0.9644053617015305
4.99 -0.9617129034267934
5.0 -0.9589242746631385
5.01 -0.9560397542711181
5.0200000000000005 -0.9530596307003675
5.03 -0.9499842019607608
5.04 -0.9468137755926089
5.05 -0.9435486686359066
5.0600000000000005 -0.9401892075986283
5.07 -0.9367357284240789
5.08 -0.9331885764572976
5.09 -0.9295481064105251
5.1000000000000005 -0.9258146823277321
5.11 -0.9219886775482162
5.12 -0.918070474669267
5.13 -0.914060465507907
5.14 -0.9099590510617106
5.15 -0.9057666414687044
5.16 -0.9014836559663548
5.17 -0.8971105228496424
5.18 -0.8926476794282346
5.19 -0.8880955719827542
5.2 -0.8834546557201531
5.21 -0.8787253947281899
5.22 -0.8739082619290224
5.23 -0.8690037390319161
5.24 -0.8640123164850744
5.25 -0.858934493426592
5.26 -0.8537707776345433
5.2700000000000005 -0.8485216854762041
5.28 -0.8431877418564168
5.29 -0.8377694801650978
5.3 -0.8322674422239013
5.3100000000000005 -0.8266821782320357
5.32 -0.821014246711247
5.33 -0.8152642144499634
5.34 -0.8094326564466194
5.3500000000000005 -0.8035201558521553
5.36 -0.7975273039117042
5.37 -0.791454699905466
5.38 -0.7853029510887806
5.39 -0.7790726726314031
5.4 -0.7727644875559871
5.41 -0.7663790266757844
5.42 -0.759916928531561
5.43 -0.7533788393277465
5.44 -0.7467654128678123
5.45 -0.7400773104888944
5.46 -0.7333152009956565
5.47 -0.7264797605934131
5.48 -0.7195716728205075
5.49 -0.7125916284799615
5.5 -0.7055403255703919
5.51 -0.6984184692162135
5.5200000000000005 -0.6912267715971264
5.53 -0.6839659518769007
5.54 -0.6766367361314569
5.55 -0.669239857276262
5.5600000000000005 -0.6617760549930369
5.57 -0.6542460756557914
5.58 -0.6466506722561834
5.59 -0.6389906043282237
5.6000000000000005 -0.6312666378723208
5.61 -0.6234795452786853
5.62 -0.6156301052500863
5.63 -0.6077191027239858
5.64 -0.5997473287940438
5.65 -0.5917155806310094
5.66 -0.5836246614030073
5.67 -0.5754753801952172
5.68 -0.5672685519289686
5.69 -0.5590049972802488
5.7 -0.5506855425976376
5.71 -0.5423110198196698
5.72 -0.5338822663916443
5.73 -0.5254001251818793
5.74 -0.5168654443974288
5.75 -0.5082790774992584
5.76 -0.49964188311690244
5.7700000000000005 -0.49095472496260095
5.78 -0.48221847174493154
5.79 -0.47343399708193507
5.8 -0.46460217941375737
5.8100000000000005 -0.4557239019148047
5.82 -0.44680005240543
5.83 -0.4378315232631469
5.84 -0.4288192113333959
5.8500000000000005 -0.4197640178398589
5.86 -0.41066684829434086
5.87 -0.4015286124062146
5.88 -0.39235022399145386
5.89 -0.38313260088125134
5.9 -0.373876664830236
5.91 -0.3645833414243013
5.92 -0.35525355998804264
5.93 -0.34588825349182883
5.94 -0.3364883584585042
5.95 -0.32705481486974064
5.96 -0.31758856607203484
5.97 -0.3080905586823781
5.98 -0.2985617424935936
5.99 -0.2890030703793611
6.0 -0.27941549819892586
6.01 -0.26979998470151617
6.0200000000000005 -0.26015749143046807
6.03 -0.2504889826270749
6.04 -0.2407954251341592
6.05 -0.23107778829939224
6.0600000000000005 -0.22133704387835867
6.07 -0.21157416593738504
6.08 -0.2017901307561289
6.09 -0.19198591672995502
6.1000000000000005 -0.18216250427209502
6.11 -0.17232087571561025
6.12 -0.1624620152151542
6.13 -0.15258690864856114
6.140000000000001 -0.14269654351825772
6.15 -0.13279190885251674
6.16 -0.12287399510655005
6.17 -0.11294379406346737
6.18 -0.10300229873509785
6.19 -0.0930505032626889
6.2 -0.0830894028174964
6.21 -0.07311999350126308
6.22 -0.06314327224661277
6.23 -0.053160236717356125
6.24 -0.04317188520872868
6.25 -0.03317921654755682
6.26 -0.02318322999237945
6.2700000000000005 -0.013184925133521251
6.28 -0.0031853017931379904
6.29 0.006814640074770176
6.3 0.016813900484349713
6.3100000000000005 0.026811479517893238
6.32 0.03680637742582692
6.33 0.04679759472668989
6.34 0.05678413230707805
6.3500000000000005 0.06676499152155635
6.36 0.07673917429251892
6.37 0.08670568321000133
6.38 0.09666352163141724
6.390000000000001 0.10661169378122355
6.4 0.11654920485049364
6.41 0.1264750610964027
6.42 0.13638826994159764
6.43 0.14628784007345494
6.44 0.1561727815432119
6.45 0.1660421058649572
6.46 0.175894826114484
6.47 0.18572995702797787
6.48 0.19554651510054424
6.49 0.2053435186845546
6.5 0.21511998808781552
6.51 0.2248749456715337
6.5200000000000005 0.2346074159480808
6.53 0.24431642567853773
6.54 0.2540010039700231
6.55 0.2636601823727784
6.5600000000000005 0.27329299497701326
6.57 0.28289847850949296
6.58 0.2924756724298697
6.59 0.30202361902673236
6.6000000000000005 0.3115413635133787
6.61 0.32102795412328977
6.62 0.3304824422053109
6.63 0.3399038823185127
6.640000000000001 0.3492913323267357
6.65 0.35864385349280037
6.66 0.36796051057238466
6.67 0.3772403719075444
6.68 0.38648250951987934
6.69 0.3956859992033308
6.7 0.4048499206165983
6.71 0.413973357375178
6.72 0.42305539714299684
6.73 0.43209513172364716
6.74 0.44109165715120235
6.75 0.4500440737806176
6.76 0.4589514863776903
6.7700000000000005 0.4678130042085843
6.78 0.4766277411288995
6.79 0.48539481567229026
6.8 0.49411335113860816
6.8100000000000005 0.5027824756815727
6.82 0.5114013223959524
6.83 0.5199690294042587
6.84 0.5284847399429308
6.8500000000000005 0.5369476024480118
6.86 0.545356770640302
6.87 0.5537114036099907
6.88 0.562010665900743
6.890000000000001 0.5702537275932467
6.9 0.5784397643882001
6.91 0.5865679576887464
6.92 0.5946374946823286
6.93 0.6026475684219723
6.94 0.6105973779069791
6.95 0.618486128163024
6.96 0.6263130303216559
6.97 0.6340773016991814
6.98 0.6417781658749337
6.99 0.6494148527689112
7.0 0.6569865987187891
7.01 0.664492646556282
7.0200000000000005 0.6719322456828621
7.03 0.6793046521448148
7.04 0.6866091287076385
7.05 0.6938449449297637
7.0600000000000005 0.7010113772355987
7.07 0.7081077089878838
7.08 0.7151332305593578
7.09 0.7220872394037184
7.1000000000000005 0.7289690401258765
7.11 0.7357779445514936
7.12 0.7425132717958018
7.13 0.7491743483316894
7.140000000000001 0.7557605080570543
7.15 0.7622710923614112
7.16 0.7687054501917558
7.17 0.775062938117667
7.18 0.78134292039565
7.19 0.787544769032711
7.2 0.7936678638491531
7.21 0.7997115925405982
7.22 0.8056753507392133
7.23 0.8115585420741488
7.24 0.8173605782311729
7.25 0.8230808790115055
7.26 0.8287188723898353
7.2700000000000005 0.8342739945715234
7.28 0.8397456900489799
7.29 0.8451334116572173
7.3 0.8504366206285644
7.3100000000000005 0.8556547866465439
7.32 0.8607873878989016
7.33 0.8658339111297899
7.34 0.8707938516910911
7.3500000000000005 0.8756667135928826
7.36 0.8804520095530344
7.37 0.8851492610459383
7.38 0.8897579983503596
7.390000000000001 0.8942777605964088
7.4 0.8987080958116269
7.41 0.9030485609661848
7.42 0.907298722017184
7.43 0.9114581539520613
7.44 0.9155264408310896
7.45 0.9195031758289707
7.46 0.9233879612755189
7.47 0.927180408695427
7.48 0.9308801388471136
7.49 0.934486781760646
7.5 0.9379999767747389
7.51 0.9414193725728183
7.5200000000000005 0.9447446272181541
7.53 0.9479754081880525
7.54 0.951111392407109
7.55 0.9541522662795148
7.5600000000000005 0.9570977257204173
7.57 0.9599474761863261
7.58 0.9627012327045701
7.59 0.9653587199017918
7.6000000000000005 0.9679196720314865
7.61 0.970383833000575
7.62 0.9727509563950137
7.63 0.9750208055044363
7.640000000000001 0.977193153345823
7.65 0.9792677826862
7.66 0.9812444860643621
7.67 0.9831230658116188
7.68 0.9849033340715608
7.69 0.9865851128188459
7.7 0.9881682338770004
7.71 0.989652538935238
7.72 0.9910378795642898
7.73 0.9923241172312475
7.74 0.9935111233134158
7.75 0.9945987791111761
7.76 0.9955869758598548
7.7700000000000005 0.9964756147406006
7.78 0.9972646068902659
7.79 0.9979538734102932
7.8 0.998543345374605
7.8100000000000005 0.999032963836496
7.82 0.9994226798345279
7.83 0.999712454397426
7.84 0.9999022585479752
7.8500000000000005 0.9999920733059188
7.86 0.9999818896898556
7.87 0.999871708718139
7.88 0.9996615414087742
7.890000000000001 0.999351408778317
7.9 0.998941341839772
7.91 0.9984313815994914
7.92 0.9978215790530743
7.930000000000001 0.997111995180267
7.94 0.9963027009388656
7.95 0.9953937772576199
7.96 0.9943853150281404
7.97 0.9932774150958098
7.98 0.992070188249698
7.99 0.9907637552114835
8.0 0.9893582466233818
8.01 0.9878538030350801
8.02 0.9862505748896837
8.03 0.9845487225086711
8.040000000000001 0.9827484160758618
8.05 0.9808498356203995
8.06 0.9788531709987474
8.07 0.9767586218757036
8.08 0.974566397704435
8.09 0.972276717705532
8.1 0.9698898108450863
8.11 0.9674059158117949
8.120000000000001 0.9648252809930908
8.13 0.9621481644503063
8.14 0.9593748338928642
8.15 0.9565055666515091
8.16 0.9535406496505743
8.17 0.9504803793792889
8.18 0.94732506186213
8.19 0.9440750126282197
8.2 0.9407305566797731
8.21 0.9372920284595976
8.22 0.9337597718176507
8.23 0.9301341399766526
8.24 0.9264154954967662
8.25 0.9226042102393402
8.26 0.9187006653297247
8.27 0.9147052511191576
8.28 0.9106183671457304
8.290000000000001 0.906440422094434
8.3 0.9021718337562933
8.31 0.8978130289865844
8.32 0.893364443662152
8.33 0.888826522637821
8.34 0.8841997197019127
8.35 0.8794844975308649
8.36 0.8746813276429652
8.370000000000001 0.869790690351199
8.38 0.8648130747152218
8.39 0.8597489784924482
8.4 0.8545989080882804
8.41 0.8493633785054673
8.42 0.8440429132926041
8.43 0.8386380444917783
8.44 0.833149312585366
8.45 0.827577266441984
8.46 0.8219224632616022
8.47 0.8161854685198283
8.48 0.8103668559113548
8.49 0.8044672072925937
8.5 0.7984871126234903
8.51 0.7924271699085284
8.52 0.7862879851369292
8.53 0.7800701722220543
8.540000000000001 0.7737743529400123
8.55 0.7674011568674873
8.56 0.7609512213187744
8.57 0.7544251912820534
8.58 0.7478237193548898
8.59 0.7411474656789752
8.6 0.7343970978741133
8.61 0.7275732909714597
8.620000000000001 0.7206767273460168
8.63 0.7137080966484024
8.64 0.706668095735878
8.65 0.699557428602668
8.66 0.6923768063095604
8.67 0.6851269469128006
8.68 0.6778085753922868
8.69 0.6704224235790722
8.700000000000001 0.662969230082182
8.71 0.6554497402147573
8.72 0.6478647059195176
8.73 0.6402148856935713
8.74 0.6325010445125663
8.75 0.6247239537541924
8.76 0.6168843911210448
8.77 0.6089831405628535
8.78 0.6010209921980904
8.790000000000001 0.5929987422349551
8.8 0.5849171928917617
8.81 0.5767771523167085
8.82 0.5685794345070696
8.83 0.5603248592277947
8.84 0.5520142519295329
8.85 0.5436484436660884
8.86 0.5352282710113162
8.870000000000001 0.5267545759754634
8.88 0.5182282059209752
8.89 0.5096500134777504
8.9 0.5010208564578846
8.91 0.49234159776988917
8.92 0.4836131053324
8.93 0.47483625198738716
8.94 0.4660119154128711
8.950000000000001 0.45714097803515424
8.96 0.4482243269405849
8.97 0.43926285378684055
8.98 0.4302574547137687
8.99 0.42120903025377215
9.0 0.4121184852417566
9.01 0.40298672872464775
9.02 0.39381467387048763
9.03 0.38460323787711825
9.040000000000001 0.3753533418804611
9.05 0.366065910862411
9.06 0.3567418735583286
9.07 0.34738216236417424
9.08 0.3379877132432676
9.09 0.32855946563269217
9.1 0.3190983623493521
9.11 0.3096053494956915
9.120000000000001 0.30008137636508325
9.13 0.2905273953469072
9.14 0.2809443618313018
9.15 0.27133323411363275
9.16 0.2616949732986626
9.17 0.252030543204441
9.18 0.24234091026592378
9.19 0.23262704343833002
9.200000000000001 0.22288991410024592
9.21 0.2131304959564945
9.22 0.20334976494075557
9.23 0.19354869911798017
9.24 0.183728278586583
9.25 0.17388948538043356
9.26 0.1640333033706535
9.27 0.15416071816723032
9.28 0.14427271702045727
9.290000000000001 0.1343702887222073
9.3 0.1244544235070617
9.31 0.11452611295327708
9.32 0.10458634988363526
9.33 0.09463612826616005
9.34 0.08467644311472142
9.35 0.07470829038953478
9.36 0.06473266689756589
9.370000000000001 0.05475057019284918
9.38 0.04476299847674028
9.39 0.03477095049808608
9.4 0.024775425453357765
9.41 0.014777422886730236
9.42 0.0047779425901285115
9.43 -0.005222015496750621
9.44 -0.015221451386431743
9.450000000000001 -0.025219365143660497
9.46 -0.03521475698538918
9.47 -0.045206627380764856
9.48 -0.05519397715107451
9.49 -0.0651758075696639
9.5 -0.0751511204618093
9.51 -0.08511891830453426
9.52 -0.09507820432636095
9.53 -0.10502798260698659
9.540000000000001 -0.11496725817687631
9.55 -0.12489503711675232
9.56 -0.1348103266569955
9.57 -0.14471213527691454
9.58 -0.15459947280389894
9.59 -0.16447135051243542
9.6 -0.17432678122297965
9.61 -0.1841647794006734
9.620000000000001 -0.19398436125389898
9.63 -0.20378454483265052
9.64 -0.2135643501267387
9.65 -0.2233227991637839
9.66 -0.2330589161070144
9.67 -0.24277172735284935
9.68 -0.2524602616282581
9.69 -0.2621235500878869
9.700000000000001 -0.2717606264109442
9.71 -0.28137052689782505
9.72 -0.2909522905664908
9.73 -0.30050495924855936
9.74 -0.310027577685123
9.75 -0.31951919362227366
9.76 -0.32897885790632714
9.77 -0.33840562457873813
9.78 -0.347798550970695
9.790000000000001 -0.3571566977973876
9.8 -0.3664791292519284
9.81 -0.3757649130989423
9.82 -0.38501312076778266
9.83 -0.39422282744538945
9.84 -0.4033931121687696
9.85 -0.4125230579170927
9.86 -0.42161175170339216
9.870000000000001 -0.43065828466586487
9.88 -0.43966175215875003
9.89 -0.44862125384280294
9.9 -0.45753589377532133
9.91 -0.4664047804997409
9.92 -0.4752270271347798
9.93 -0.48400175146312646
9.94 -0.49272807601966023
9.950000000000001 -0.5014051281791989
9.96 -0.5100320402437544
9.97 -0.5186079495293108
9.98 -0.527131998452086
9.99 -0.5356033346142913
10.0 -0.5440211108893698
10.01 -0.5523844855067088
10.02 -0.5606926221358159
10.03 -0.5689446899699518
10.040000000000001 -0.5771398638092111
10.05 -0.5852773241430363
10.06 -0.5933562572321768
10.07 -0.6013758551900559
10.08 -0.6093353160635608
10.09 -0.6172338439132372
10.1 -0.6250706488928821
10.11 -0.6328449473285281
10.120000000000001 -0.6405559617968117
10.13 -0.6482029212027091
10.14 -0.6557850608566536
10.15 -0.663301622550998
10.16 -0.6707518546358369
10.17 -0.6781350120941703
10.18 -0.6854503566164047
10.19 -0.6926971566741844
10.200000000000001 -0.6998746875935437
10.21 -0.7069822316273692
10.22 -0.7140190780271818
10.23 -0.7209845231142057
10.24 -0.7278778703497366
10.25 -0.7346984304047954
10.26 -0.7414455212290604
10.27 -0.7481184681190717
10.28 -0.754716603785701
10.290000000000001 -0.7612392684208814
10.3 -0.7676858097635825
10.31 -0.7740555831650432
10.32 -0.7803479516532316
10.33 -0.7865622859965424
10.34 -0.79269796476672
10.35 -0.7987543744010004
10.36 -0.8047309092634671
10.370000000000001 -0.8106269717056154
10.38 -0.8164419721261122
10.39 -0.8221753290297625
10.4 -0.8278264690856537
10.41 -0.8333948271844893
10.42 -0.8388798464951
10.43 -0.8442809785201253
10.44 -0.8495976831508637
10.450000000000001 -0.8548294287212838
10.46 -0.8599756920611861
10.47 -0.8650359585485264
10.48 -0.8700097221608728
10.49 -0.8748964855260087
10.5 -0.87969575997167
10.51 -0.8844070655744116
10.52 -0.8890299312075992
10.53 -0.8935638945885217
10.540000000000001 -0.8980085023246204
10.55 -0.9023633099588236
10.56 -0.9066278820139979
10.57 -0.9108017920364916
10.58 -0.9148846226387806
10.59 -0.9188759655412069
10.6 -0.9227754216128066
10.61 -0.926582600911222
10.620000000000001 -0.9302971227216965
10.63 -0.9339186155951432
10.64 -0.9374467173852933
10.65 -0.9408810752849078
10.66 -0.9442213458610589
10.67 -0.9474671950894723
10.68 -0.9506182983879301
10.69 -0.9536743406487285
10.700000000000001 -0.9566350162701884
10.71 -0.959500029187214
10.72 -0.9622690929009016
10.73 -0.9649419305071872
10.74 -0.9675182747245378
10.75 -0.9699978679206785
10.76 -0.9723804621383559
10.77 -0.974665819120134
10.78 -0.9768537103322188
10.790000000000001 -0.9789439169873128
10.8 -0.9809362300664916
10.81 -0.9828304503401077
10.82 -0.9846263883877127
10.83 -0.9863238646169981
10.84 -0.9879227092817555
10.85 -0.9894227624988511
10.86 -0.9908238742642129
10.870000000000001 -0.9921259044678323
10.88 -0.9933287229077736
10.89 -0.9944322093031953
10.9 -0.9954362533063774
10.91 -0.9963407545137564
10.92 -0.997145622475965
10.93 -0.9978507767068782
10.94 -0.99845614669166
10.950000000000001 -0.9989616718938169
10.96 -0.9993673017612495
10.97 -0.9996729957313094
10.98 -0.9998787232348542
10.99 -0.9999844636993049
11.0 -0.9999902065507035
11.01 -0.9998959512147693
11.02 -0.9997017071169574
11.03 -0.9994074936815159
11.040000000000001 -0.9990133403295429
11.05 -0.9985192864760454
11.06 -0.997925381525997
11.07 -0.9972316848693976
11.08 -0.9964382658753349
11.09 -0.9955452038850472
11.1 -0.9945525882039892
11.11 -0.9934605180929019
11.120000000000001 -0.992269102757886
11.13 -0.9909784613394828
11.14 -0.9895887229007582
11.15 -0.9881000264143981
11.16 -0.9865125207488105
11.17 -0.984826364653239
11.18 -0.9830417267418882
11.19 -0.9811587854770618
11.200000000000001 -0.979177729151317
11.21 -0.9770987558686361
11.22 -0.9749220735246146
11.23 -0.972647899785673
11.24 -0.9702764620672901
11.25 -0.9678079975112615
11.26 -0.9652427529619856
11.27 -0.9625809849417799
11.28 -0.9598229596252282
11.290000000000001 -0.9569689528125632
11.3 -0.954019249902089
11.31 -0.9509741458616379
11.32 -0.9478339451990765
11.33 -0.9445989619318542
11.34 -0.9412695195556018
11.35 -0.9378459510117826
11.36 -0.9343285986543979
11.370000000000001 -0.9307178142157516
11.38 -0.92701395877128
11.39 -0.9232174027034404
11.4 -0.9193285256646757
11.41 -0.915347716539449
11.42 -0.9112753734053557
11.43 -0.9071119034933154
11.44 -0.9028577231468499
11.450000000000001 -0.8985132577804479
11.46 -0.8940789418370271
11.47 -0.8895552187444858
11.48 -0.8849425408713638
11.49 -0.8802413694816043
11.5 -0.8754521746884285
11.51 -0.8705754354073251
11.52 -0.865611639308158
11.53 -0.8605612827664006
11.540000000000001 -0.8554248708134978
11.55 -0.8502029170863663
11.56 -0.8448959437760261
11.57 -0.8395044815753859
11.58 -0.8340290696261731
11.59 -0.8284702554650194
11.6 -0.8228285949687089
11.61 -0.8171046522985896
11.620000000000001 -0.8112989998441578
11.63 -0.8054122181658228
11.64 -0.7994448959368459
11.65 -0.793397629884477
11.66 -0.7872710247302823
11.67 -0.7810656931296716
11.68 -0.7747822556106337
11.69 -0.7684213405116846
11.700000000000001 -0.7619835839190321
11.71 -0.7554696296029731
11.72 -0.7488801289535096
11.73 -0.7422157409152156
11.74 -0.7354771319213411
11.75 -0.72866497582717
11.76 -0.721779953842635
11.77 -0.7148227544641971
11.78 -0.7077940734059963
11.790000000000001 -0.7006946135302801
11.8 -0.6935250847771224
11.81 -0.6862862040934226
11.82 -0.6789786953612167
11.83 -0.6716032893252885
11.84 -0.6641607235200951
11.85 -0.6566517421960153
11.86 -0.6490770962449238
11.870000000000001 -0.6414375431251021
11.88 -0.6337338467854989
11.89 -0.625966777589327
11.9 -0.6181371122370333
11.91 -0.6102456336886285
11.92 -0.6022931310853911
11.93 -0.5942803996709545
11.94 -0.5862082407117828
11.950000000000001 -0.5780774614170436
11.96 -0.5698888748578939
11.97 -0.5616432998861642
11.98 -0.5533415610524803
11.99 -0.5449844885238078
12.0 -0.5365729180004349
12.01 -0.5281076906324048
12.02 -0.5195896529353996
12.030000000000001 -0.5110196567060893
12.040000000000001 -0.5023985589369582
12.05 -0.49372722173059747
12.06 -0.48500651221350166
12.07 -0.47623730244935525
12.08 -0.467420469351827
12.09 -0.45855689459687937
12.1 -0.44964746453460147
12.11 -0.4406930701005751
12.120000000000001 -0.43169460672678006
12.13 -0.4226529742520583
12.14 -0.4135690768321209
12.15 -0.4044438228491401
12.16 -0.39527812482090974
12.17 -0.38607289930959465
12.18 -0.37682906683007494
12.19 -0.36754755175789544
12.200000000000001 -0.35822928223682704
12.21 -0.34887519008606005
12.22 -0.3394862107070128
12.23 -0.3300632829897991
12.24 -0.3206073492193382
12.25 -0.3111193549811273
12.26 -0.3016002490666836
12.27 -0.29205098337866586
12.280000000000001 -0.2824725128356836
12.290000000000001 -0.27286579527681243
12.3 -0.26323179136580094
12.31 -0.25357146449501206
12.32 -0.24388578068908245
12.33 -0.23417570850832145
12.34 -0.22444221895185537
12.35 -0.21468628536052867
12.36 -0.20490888331957058
12.370000000000001 -0.1951109905610356
12.38 -0.18529358686603822
12.39 -0.17545765396676502
12.4 -0.1656041754483094
12.41 -0.15573413665031197
12.42 -0.1458485245684275
12.43 -0.13594832775562624
12.44 -0.1260345362233393
12.450000000000001 -0.11610814134245669
12.46 -0.10617013574419806
12.47 -0.09622151322083984
12.48 -0.08626326862634386
12.49 -0.07629639777687106
12.5 -0.06632189735120068
12.51 -0.056340764791063265
12.52 -0.04635399820139722
12.530000000000001 -0.03636259625053746
12.540000000000001 -0.026367558070356484
12.55 -0.016369883156341365
12.56 -0.006370571267652135
12.57 0.003629377672855068
12.58 0.013628963678619457
12.59 0.023627186799373416
12.6 0.033623047221136695
12.61 0.043615545366196974
12.620000000000001 0.05360368199306857
12.63 0.06358645829640867
12.64 0.07356287600690767
12.65 0.08353193749110818
12.66 0.09349264585116929
12.67 0.10344400502455556
12.68 0.11338501988364243
12.69 0.12331469633522812
12.700000000000001 0.13323204141994396
12.71 0.1431360634115424
12.72 0.15302577191607933
12.73 0.1629001779709457
12.74 0.17275829414376465
12.75 0.182599134631134
12.76 0.1924217153572057
12.77 0.20222505407209254
12.780000000000001 0.21200817045009426
12.790000000000001 0.2217700861877221
12.8 0.23150982510153895
12.81 0.24122641322576988
12.82 0.25091887890969955
12.83 0.2605862529148366
12.84 0.2702275685118367
12.85 0.2798418615771745
12.86 0.28942817068955534
12.870000000000001 0.2989855372260583
12.88 0.3085130054579907
12.89 0.31800962264647065
12.9 0.32747443913769303
12.91 0.33690650845789616
12.92 0.34630488740800797
12.93 0.3556686361579654
12.94 0.3649968183406966
12.950000000000001 0.3742885011457584
12.96 0.38354275541260996
12.97 0.3927586557235382
12.98 0.40193528049619187
12.99 0.4110717120757409
13.0 0.4201670368266409
13.01 0.4292203452239963
13.02 0.4382307319445118
13.030000000000001 0.44719729595702545
13.040000000000001 0.45611914061260495
13.05 0.46499537373422123
13.06 0.4738251077059589
13.07 0.482607459561779
13.08 0.4913415510738144
13.09 0.5000265088401924
13.1 0.5086614643723737
13.11 0.5172455541820009
13.120000000000001 0.525777919867248
13.13 0.5342577081986536
13.14 0.5426840712044526
13.15 0.5510561662553665
13.16 0.5593731561488667
13.17 0.5676342091928948
13.18 0.5758384992890305
13.19 0.5839852060151012
13.200000000000001 0.5920735147072245
13.21 0.6001026165412685
13.22 0.6080717086137423
13.23 0.6159799940220795
13.24 0.6238266819443293
13.25 0.6316109877182386
13.26 0.6393321329197169
13.27 0.6469893454406781
13.280000000000001 0.6545818595662526
13.290000000000001 0.6621089160513522
13.3 0.6695697621966024
13.31 0.6769636519236056
13.32 0.6842898458495511
13.33 0.6915476113611513
13.34 0.6987362226879031
13.35 0.7058549609746644
13.36 0.7129031143535387
13.370000000000001 0.7198799780150629
13.38 0.7267848542786822
13.39 0.7336170526625259
13.4 0.7403758899524486
13.41 0.747060690270354
13.42 0.7536707851417809
13.43 0.7602055135627505
13.44 0.7666642220658663
13.450000000000001 0.7730462647856614
13.46 0.7793510035231798
13.47 0.7855778078098029
13.48 0.7917260549702911
13.49 0.7977951301850518
13.5 0.803784426551621
13.51 0.8096933451453531
13.52 0.8155212950793129
13.530000000000001 0.8212676935633646
13.540000000000001 0.8269319659624464
13.55 0.8325135458540397
13.56 0.8380118750848066
13.57 0.8434264038264059
13.58 0.8487565906304755
13.59 0.8540019024827769
13.6 0.8591618148564958
13.61 0.864235811764695
13.620000000000001 0.8692233858119126
13.63 0.8741240382448986
13.64 0.8789372790024944
13.65 0.8836626267646351
13.66 0.8882996090004825
13.67 0.8928477620156772
13.68 0.8973066309987074
13.69 0.901675770066391
13.700000000000001 0.9059547423084626
13.71 0.9101431198312623
13.72 0.914240483800529
13.73 0.9182464244832802
13.74 0.9221605412887859
13.75 0.9259824428086272
13.76 0.9297117468558371
13.77 0.9333480805031187
13.780000000000001 0.9368910801201381
13.790000000000001 0.9403403914098848
13.8 0.9436956694441048
13.81 0.9469565786977909
13.82 0.9501227930827351
13.83 0.9531939959801373
13.84 0.9561698802722673
13.85 0.9590501483731756
13.86 0.9618345122584524
13.870000000000001 0.9645226934940299
13.88 0.9671144232640236
13.89 0.9696094423976171
13.9 0.9720075013949759
13.91 0.9743083604521989
13.92 0.9765117894852975
13.93 0.9786175681532047
13.94 0.9806254858798086
13.950000000000001 0.9825353418750099
13.96 0.9843469451548001
13.97 0.9860601145603612
13.98 0.9876746787761803
13.99 0.9891904763471814
14.0 0.9906073556948704
14.01 0.9919251751324931
14.02 0.9931438028792043
14.030000000000001 0.9942631170732448
14.040000000000001 0.9952830057841275
14.05 0.9962033670238317
14.06 0.9970241087570002
14.07 0.9977451489101437
14.08 0.9983664153798475
14.09 0.9988878460399827
14.1 0.9993093887479176
14.11 0.9996310013497329
14.120000000000001 0.9998526516844363
14.13 0.9999743175871789
14.14 0.999995986891472
14.15 0.9999176574304031
14.16 0.999739337036853
14.17 0.9994610435427127
14.18 0.9990828047770997
14.19 0.9986046585635749
14.200000000000001 0.9980266527163616
14.21 0.9973488450355629
14.22 0.9965713033013819
14.23 0.995694105267344
14.24 0.9947173386525218
14.25 0.9936411011327626
14.26 0.9924655003309216
14.27 0.9911906538060994
14.280000000000001 0.9898166890418858
14.290000000000001 0.9883437434336128
14.3 0.9867719642746133
14.31 0.9851015087414937
14.32 0.9833325438784152
14.33 0.9814652465803898
14.34 0.9794998035755914
14.35 0.9774364114066826
14.36 0.9752752764111607
14.370000000000001 0.973016614700724
14.38 0.9706606521396621
14.39 0.9682076243222674
14.4 0.9656577765492774
14.41 0.9630113638033447
14.42 0.9602686507235385
14.43 0.9574299115788811
14.44 0.9544954302409214
14.450000000000001 0.9514655001553474
14.46 0.9483404243126435
14.47 0.9451205152177895
14.48 0.9418060948590115
14.49 0.9383974946755834
14.5 0.934895055524683
14.51 0.9312991276473068
14.52 0.927610070633246
14.530000000000001 0.9238282533851269
14.540000000000001 0.9199540540815242
14.55 0.9159878601391392
14.56 0.9119300681740611
14.57 0.9077810839621047
14.58 0.9035413223982337
14.59 0.8992112074550717
14.6 0.8947911721405042
14.61 0.8902816584543795
14.620000000000001 0.8856831173443075
14.63 0.8809960086605686
14.64 0.8762208011101247
14.65 0.8713579722097512
14.66 0.866408008238286
14.67 0.8613714041880013
14.68 0.8562486637151049
14.69 0.8510402990893751
14.700000000000001 0.8457468311429334
14.71 0.8403687892181649
14.72 0.8349067111147797
14.73 0.8293611430360361
14.74 0.8237326395341211
14.75 0.8180217634546941
14.76 0.8122290858806043
14.77 0.8063551860747817
14.780000000000001 0.800400651422311
14.790000000000001 0.7943660773716974
14.8 0.7882520673753163
14.81 0.7820592328290721
14.82 0.7757881930112588
14.83 0.7694395750206324
14.84 0.7630140137137015
14.85 0.7565121516412421
14.86 0.7499346389840432
14.870000000000001 0.7432821334878883
14.88 0.7365553003977854
14.89 0.7297548123914368
14.9 0.722881349511976
14.91 0.7159355990999632
14.92 0.7089182557246514
14.93 0.7018300211145303
14.94 0.6946716040871542
14.950000000000001 0.6874437204782592
14.96 0.6801470930701855
14.97 0.6727824515195922
14.98 0.665350532284497
14.99 0.6578520785506303
15.0 0.6502878401571168
15.01 0.6426585735214924
15.02 0.6349650415640629
15.030000000000001 0.6272080136316112
15.040000000000001 0.6193882654204694
15.05 0.6115065788989408
15.06 0.6035637422291092
15.07 0.5955605496880231
15.08 0.5874978015882668
15.09 0.5793763041979316
15.1 0.5711968696599886
15.11 0.5629603159110754
15.120000000000001 0.5546674665997017
15.13 0.5463191510038907
15.14 0.5379162039482439
15.15 0.5294594657204643
15.16 0.5209497819873273
15.17 0.5123880037101151
15.18 0.5037749870595203
15.19 0.4951115933300307
15.200000000000001 0.4863986888537981
15.21 0.47763714491401266
15.22 0.4688278376577654
15.23 0.4599716480084409
15.24 0.45106946157762406
15.25 0.4421221685765394
15.26 0.43313066372703096
15.27 0.4240958461720909
15.280000000000001 0.415018619385944
15.290000000000001 0.40589989108370783
15.3 0.39674057313061206
15.31 0.3875415814508193
15.32 0.37830383593583167
15.33 0.3690282603525026
15.34 0.3597157822506608
15.35 0.3503673328703561
15.36 0.3409838470487362
15.370000000000001 0.33156626312656196
15.38 0.32211552285438105
15.39 0.31263257129834343
15.4 0.30311835674570226
15.41 0.2935738306099843
15.42 0.2839999473358494
15.43 0.2743976643036467
15.44 0.2647679417336776
15.450000000000001 0.25511174259017266
15.46 0.24543003248500284
15.47 0.23572377958110885
15.48 0.22599395449569257
15.49 0.2162415302031544
15.5 0.2064674819377966
15.51 0.19667278709630065
15.52 0.18685842513998854
15.530000000000001 0.1770253774968755
15.540000000000001 0.1671746274635352
15.55 0.15730716010676024
15.56 0.1474239621650635
15.57 0.13752602195000313
15.58 0.1276143292473524
15.59 0.11768987521812185
15.6 0.10775365229944406
15.610000000000001 0.09780665410532897
15.620000000000001 0.0878498753273104
15.63 0.07788431163496706
15.64 0.06791095957636362
15.65 0.057930816478394806
15.66 0.04794488034705369
15.67 0.037954149767631784
15.68 0.02795962380486148
15.69 0.017962301903010295
15.700000000000001 0.007963183785935567
15.71 -0.002036730642880013
15.72 -0.012036441400328576
15.73 -0.022034948523667438
15.74 -0.03203125217051633
15.75 -0.04202435271884079
15.76 -0.05201325086691355
15.77 -0.061996947733243844
15.780000000000001 -0.07197444495646654
15.790000000000001 -0.08194474479517032
15.8 -0.09190685022768164
15.81 -0.10185976505175898
15.82 -0.111802493984214
15.83 -0.12173404276043903
15.84 -0.13165341823383273
15.85 -0.14155962847511386
15.860000000000001 -0.15145168287151517
15.870000000000001 -0.16132859222583693
15.88 -0.1711893688553761
15.89 -0.1810330266906871
15.9 -0.19085858137418937
15.91 -0.20066505035860252
15.92 -0.21045145300520013
15.93 -0.22021681068187285
15.94 -0.22996014686099078
15.950000000000001 -0.23968048721705715
15.96 -0.24937685972413315
15.97 -0.2590482947530501
15.98 -0.2686938251683646
15.99 -0.27831248642507306
16.0 -0.2879033166650653
16.01 -0.2974653568133114
16.02 -0.30699765067375967
16.03 -0.3164992450249745
16.04 -0.325969189715432
16.05 -0.33540653775856133
16.06 -0.344810345427416
16.07 -0.35417967234907227
16.080000000000002 -0.3635135815986424
16.09 -0.3728111397929763
16.1 -0.3820714171840091
16.11 -0.391293487751712
16.12 -0.4004764292967199
16.13 -0.40961932353252406
16.14 -0.4187212561773265
16.15 -0.4277813170454412
16.16 -0.4367986001383378
16.17 -0.4457722037352182
16.18 -0.4547012304831975
16.19 -0.46358478748704807
16.2 -0.47242198639846616
16.21 -0.4812119435049312
16.22 -0.48995377981805127
16.23 -0.49864662116148606
16.240000000000002 -0.5072895982583422
16.25 -0.5158818468181093
16.26 -0.5244225076230978
16.27 -0.5329107266143382
16.28 -0.541345654977011
16.29 -0.549726449225303
16.3 -0.5580522712867794
16.31 -0.566322288586166
16.32 -0.5745356741286307
16.330000000000002 -0.5826916065824606
16.34 -0.5907892703612041
16.35 -0.5988278557052371
16.36 -0.6068065587627183
16.37 -0.6147245816699964
16.38 -0.6225811326313736
16.39 -0.6303754259983063
16.4 -0.6381066823479474
16.41 -0.6457741285611104
16.42 -0.6533769978995605
16.43 -0.6609145300826971
16.44 -0.6683859713635882
16.45 -0.6757905746043268
16.46 -0.6831275993507646
16.47 -0.6903963119065357
16.48 -0.6975959854064472
16.490000000000002 -0.704725899889146
16.5 -0.711785342369123
16.51 -0.7187736069080182
16.52 -0.725689994685196
16.53 -0.7325338140676474
16.54 -0.7393043806791324
16.55 -0.7460010174686368
16.56 -0.7526230547780575
16.57 -0.7591698304091865
16.580000000000002 -0.765640689689914
16.59 -0.7720349855397018
16.6 -0.7783520785342984
16.61 -0.784591336969664
16.62 -0.7907521369251587
16.63 -0.7968338623259166
16.64 -0.8028359050044701
16.65 -0.8087576647615486
16.66 -0.8145985494261158
16.67 -0.82035797491457
16.68 -0.8260353652891601
16.69 -0.8316301528155838
16.7 -0.8371417780197468
16.71 -0.8425696897437256
16.72 -0.8479133452008673
16.73 -0.8531722100300827
16.740000000000002 -0.8583457583492696
16.75 -0.8634334728079056
16.76 -0.8684348446387881
16.77 -0.8733493737088981
16.78 -0.8781765685694277
16.79 -0.8829159465049101
16.8 -0.8875670335815046
16.81 -0.8921293646943759
16.82 -0.896602483614218
16.830000000000002 -0.900985943032865
16.84 -0.9052793046080263
16.85 -0.9094821390071252
16.86 -0.9135940259502211
16.87 -0.9176145542520493
16.88 -0.9215433218631272
16.89 -0.9253799359099703
16.9 -0.9291240127343684
16.91 -0.9327751779317619
16.92 -0.9363330663886722
16.93 -0.9397973223192173
16.94 -0.9431675993006936
16.95 -0.946443560308209
16.96 -0.9496248777483951
16.97 -0.9527112334921566
16.98 -0.9557023189064934
16.990000000000002 -0.9585978348853554
17.0 -0.9613974918795568
17.01 -0.9641010099257332
17.02 -0.9667081186743308
17.03 -0.9692185574166493
17.04 -0.9716320751109048
17.05 -0.9739484304073407
17.06 -0.976167391672356
17.07 -0.978288737011675
17.080000000000002 -0.9803122542925307
17.09 -0.9822377411648806
17.1 -0.9840650050816434
17.11 -0.9857938633179488
17.12 -0.9874241429894153
17.13 -0.9889556810694329
17.14 -0.990388324405471
17.150000000000002 -0.9917219297343894
17.16 -0.9929563636967662
17.17 -0.9940915028502346
17.18 -0.9951272336818244
17.19 -0.9960634526193163
17.2 -0.9969000660415961
17.21 -0.9976369902880192
17.22 -0.9982741516667748
17.23 -0.9988114864622563
17.240000000000002 -0.9992489409414315
17.25 -0.9995864713592172
17.26 -0.999824043962853
17.27 -0.9999616349952765
17.28 -0.999999230697499
17.29 -0.9999368273099816
17.3 -0.9997744310730111
17.31 -0.999512058226076
17.32 -0.9991497350062422
17.330000000000002 -0.9986874976455297
17.34 -0.9981253923672896
17.35 -0.9974634753815809
17.36 -0.9967018128795512
17.37 -0.9958404810268152
17.38 -0.9948795659558413
17.39 -0.9938191637573349
17.400000000000002 -0.9926593804706327
17.41 -0.9914003320730972
17.42 -0.9900421444685181
17.43 -0.9885849534745251
17.44 -0.9870289048090022
17.45 -0.9853741540755202
17.46 -0.9836208667477725
17.47 -0.981769218153032
17.48 -0.9798193934546138
17.490000000000002 -0.9777715876333635
17.5 -0.9756260054681576
17.51 -0.973382861515423
17.52 -0.9710423800876874
17.53 -0.9686047952311415
17.54 -0.9660703507022413
17.55 -0.963439299943326
17.56 -0.9607119060572806
17.57 -0.9578884417812192
17.580000000000002 -0.9549691894592173
17.59 -0.9519544410140756
17.6 -0.948844497918124
17.61 -0.9456396711630829
17.62 -0.9423402812289547
17.63 -0.9389466580519858
17.64 -0.9354591409916635
17.650000000000002 -0.9318780787967886
17.66 -0.9282038295705979
17.67 -0.9244367607349493
17.68 -0.9205772489935901
17.69 -0.9166256802944752
17.7 -0.9125824497911845
17.71 -0.908447961803396
17.72 -0.9042226297764662
17.73 -0.8999068762400736
17.740000000000002 -0.8955011327659768
17.75 -0.8910058399248534
17.76 -0.8864214472422384
17.77 -0.8817484131535828
17.78 -0.8769872049583981
17.79 -0.8721382987735395
17.8 -0.8672021794855813
17.81 -0.8621793407023425
17.82 -0.857070284703512
17.830000000000002 -0.8518755223904338
17.84 -0.8465955732350126
17.85 -0.8412309652277599
17.86 -0.8357822348250097
17.87 -0.830249926895258
17.88 -0.8246345946646914
17.89 -0.8189367996618494
17.900000000000002 -0.8131571116614864
17.91 -0.8072961086275879
17.92 -0.8013543766555692
17.93 -0.79533250991368
17.94 -0.7892311105835723
17.95 -0.7830507888000987
17.96 -0.7767921625902832
17.97 -0.7704558578115354
17.98 -0.7640425080890486
17.990000000000002 -0.7575527547524529
18.0 -0.750987246771676
18.01 -0.7443466406920405
18.02 -0.7376316005686248
18.03 -0.7308427978998407
18.04 -0.7239809115603028
18.05 -0.7170466277329218
18.06 -0.7100406398403069
18.07 -0.7029636484754039
18.080000000000002 -0.6958163613314545
18.09 -0.6885994931312196
18.1 -0.6813137655554999
18.11 -0.673959907170987
18.12 -0.6665386533573856
18.13 -0.6590507462338983
18.14 -0.6514969345849919
18.150000000000002 -0.6438779737855393
18.16 -0.6361946257252741
18.17 -0.6284476587325941
18.18 -0.6206378474977482
18.19 -0.6127659729953462
18.2 -0.6048328224062841
18.21 -0.5968391890390042
18.22 -0.5887858722501876
18.23 -0.5806736773647965
18.240000000000002 -0.5725034155955618
18.25 -0.5642759039618552
18.26 -0.5559919652079778
18.27 -0.5476524277209076
18.28 -0.5392581254474379
18.29 -0.5308098978108067
18.3 -0.5223085896267315
18.31 -0.5137550510189524
18.32 -0.5051501373341961
18.330000000000002 -0.4964947090566635
18.34 -0.4877896317219724
18.35 -0.4790357758305961
18.36 -0.470234016760835
18.37 -0.46138523468125503
18.38 -0.4524903144626965
18.39 -0.4435501455897626
18.400000000000002 -0.43456562207189353
18.41 -0.4255376423539573
18.42 -0.416467109226396
18.43 -0.40735492973497006
18.44 -0.39820201509002867
18.45 -0.38900928057541545
18.46 -0.3797776454569147
18.47 -0.37050803289035195
18.48 -0.36120136982925244
18.490000000000002 -0.3518585869321702
18.5 -0.34248061846961253
18.51 -0.3330684022306042
18.52 -0.3236228794289322
18.53 -0.31414499460899875
18.54 -0.3046356955513944
18.55 -0.2950959331780938
18.56 -0.2855266614573912
18.57 -0.2759288373084776
18.580000000000002 -0.26630342050577305
18.59 -0.2566513735829401
18.6 -0.2469736617366209
18.61 -0.23727125272994215
18.62 -0.22754511679571235
18.63 -0.21779622653942673
18.64 -0.20802555684197996
18.650000000000002 -0.19823408476220306
18.66 -0.1884227894391479
18.67 -0.17859265199416383
18.68 -0.16874465543281056
18.69 -0.15887978454653057
18.7 -0.1489990258141988
18.71 -0.13910336730344755
18.72 -0.1291937985718886
18.73 -0.11927131056813002
18.740000000000002 -0.10933689553270709
18.75 -0.09939154689884817
18.76 -0.08943625919312187
18.77 -0.07947202793600974
18.78 -0.06949984954232695
18.79 -0.05952072122160982
18.8 -0.04953564087836742
18.81 -0.039545607012320294
18.82 -0.029551618618522943
18.830000000000002 -0.01955467508749001
18.84 -0.009555776105247387
18.85 0.0004440784466461913
18.86 0.010443888591061618
18.87 0.0204426543553247
18.88 0.03043937587118419
18.89 0.040433053474826175
18.900000000000002 0.05042268780681477
18.91 0.060407279912037905
18.92 0.07038583133961261
18.93 0.08035734424270448
18.94 0.09032082147833985
18.95 0.10027526670709096
18.96 0.11021968449273732
18.97 0.12015308040178031
18.98 0.1300744611029139
18.990000000000002 0.1399828344663322
19.0 0.14987720966295234
19.01 0.15975659726350694
19.02 0.16962000933746174
19.03 0.17946645955183582
19.04 0.18929496326980613
19.05 0.19910453764919822
19.06 0.2088942017407418
19.07 0.2186629765861927
19.080000000000002 0.22840988531620351
19.09 0.2381339532480202
19.1 0.24783420798295983
19.11 0.2575096795036255
19.12 0.267159400270935
19.13 0.276782405320846
19.14 0.2863777323608796
19.150000000000002 0.29594442186632447
19.16 0.30548151717619876
19.17 0.3149880645889259
19.18 0.32446311345768003
19.19 0.3339057162854767
19.2 0.3433149288198954
19.21 0.3526898101475302
19.22 0.36202942278805417
19.23 0.3713328327879928
19.240000000000002 0.38059910981409556
19.25 0.3898273272463786
19.26 0.3990165622707952
19.27 0.4081658959714942
19.28 0.4172744134227364
19.29 0.42634120378036067
19.3 0.4353653603728932
19.31 0.44434598079218857
19.32 0.45328216698369495
19.330000000000002 0.4621730253362368
19.34 0.4710176667713848
19.35 0.4798152068323722
19.36 0.48856476577251795
19.37 0.4972654686432255
19.38 0.5059164453814522
19.39 0.5145168308967394
19.400000000000002 0.5230657651576994
19.41 0.5315623932780275
19.42 0.5400058656019978
19.43 0.5483953377894084
19.44 0.5567299709000376
19.45 0.565008931477514
19.46 0.5732313916326848
19.47 0.5813965291263805
19.48 0.5895035274516621
19.490000000000002 0.5975515759154497
19.5 0.605539869719601
19.51 0.613467610041398
19.52 0.6213340041134094
19.53 0.6291382653027888
19.54 0.6368796131899154
19.55 0.6445572736464569
19.56 0.6521704789127603
19.57 0.6597184676746487
19.580000000000002 0.6672004851395332
19.59 0.6746157831118997
19.6 0.6819636200681356
19.61 0.6892432612306632
19.62 0.6964539786414377
19.63 0.7035950512347219
19.64 0.7106657649092124
19.650000000000002 0.7176654125994315
19.66 0.7245932943464407
19.67 0.7314487173678434
19.68 0.7382309961270456
19.69 0.7449394524018278
19.7 0.7515734153521483
19.71 0.758132221587245
19.72 0.7646152152319554
19.73 0.7710217479923221
19.740000000000002 0.7773511792204056
19.75 0.7836028759783553
19.76 0.7897762131017096
19.77 0.7958705732618963
19.78 0.8018853470279821
19.79 0.8078199329275986
19.8 0.8136737375071054
19.81 0.8194461753909186
19.82 0.8251366693400644
19.830000000000002 0.8307446503098876
19.84 0.8362695575069629
19.85 0.8417108384451784
19.86 0.8470679490009708
19.87 0.8523403534677526
19.88 0.857527524609467
19.89 0.8626289437133262
19.900000000000002 0.8676441006416691
19.91 0.8725724938829804
19.92 0.8774136306020465
19.93 0.8821670266892263
19.94 0.8868322068088755
19.95 0.8914087044468666
19.96 0.8958960619572528
19.97 0.9002938306080192
19.98 0.9046015706259687
19.990000000000002 0.9088188512406876
